Length	Amplitude	0	13.1525
0.3133	12.3055
0.6266	12.3055
0.9398	12.3055
1.2531	13.3019
1.5664	13.3268
1.8797	13.3268
2.193	13.3268
2.5063	13.3268
2.8195	13.3518
3.1328	13.3518
3.4461	13.3518
3.7594	13.3767
4.0727	13.3767
4.386	13.3767
4.6992	13.3518
5.0125	13.3518
5.3258	13.3518
5.6391	13.3518
5.9524	13.3518
6.2657	13.3518
6.5789	13.3518
6.8922	13.3518
7.2055	13.3518
7.5188	13.3518
7.8321	13.3518
8.1454	13.3518
8.4586	13.3518
8.7719	13.3767
9.0852	13.3767
9.3985	13.3767
9.7118	13.3518
10.0251	13.3518
10.3383	13.3518
10.6516	13.3268
10.9649	13.3268
11.2782	13.3268
11.5915	13.3268
11.9048	13.3268
12.218	13.3268
12.5313	13.3019
12.8446	13.277
13.1579	13.277
13.4712	13.277
13.7845	13.277
14.0977	13.3019
14.411	13.3019
14.7243	13.3019
15.0376	13.3019
15.3509	13.3019
15.6642	13.3019
15.9774	13.3268
16.2907	13.3268
16.604	13.3268
16.9173	13.3268
17.2306	13.3268
17.5439	13.3019
17.8571	13.3019
18.1704	13.277
18.4837	13.277
18.797	13.277
19.1103	13.2521
19.4236	13.2521
19.7368	13.2521
20.0501	13.2521
20.3634	13.2521
20.6767	13.2272
20.99	13.2272
21.3033	13.2272
21.6165	13.2023
21.9298	13.2023
22.2431	12.6792
22.5564	12.6294
22.8697	12.5795
23.183	12.5297
23.4962	12.455
23.8095	12.3803
24.1228	12.3055
24.4361	12.181
24.7494	12.0813
25.0627	11.9568
25.3759	11.8322
25.6892	11.8322
26.0025	11.7326
26.3158	11.6828
26.6291	11.5582
26.9424	11.5333
27.2556	11.359
27.5689	11.1846
27.8822	10.9604
28.1955	10.7362
28.5088	10.512
28.8221	10.2629
29.1353	9.9889
29.4486	9.7398
29.7619	9.4907
30.0752	9.2416
30.3885	9.0423
30.7018	8.868
31.015	8.7185
31.3283	8.569
31.6416	8.4196
31.9549	8.3448
32.2682	8.2203
32.5815	8.1705
32.8947	8.1705
33.208	8.1705
33.5213	8.1705
33.8346	8.1705
34.1479	8.1705
34.4612	8.1705
34.7744	8.1705
35.0877	8.1456
35.401	8.1456
35.7143	8.1456
36.0276	8.1456
36.3409	8.1456
36.6541	8.1456
36.9674	8.1207
37.2807	8.0957
37.594	8.0957
37.9073	8.0957
38.2206	8.0957
38.5338	8.0957
38.8471	8.0957
39.1604	8.0957
39.4737	8.0957
39.787	8.0957
40.1003	8.0957
40.4135	8.0957
40.7268	8.0957
41.0401	8.1207
41.3534	8.1456
41.6667	8.1456
41.9799	8.1456
42.2932	8.1456
42.6065	8.1456
42.9198	8.1456
43.2331	8.1456
43.5464	8.1456
43.8596	8.1456
44.1729	8.1456
44.4862	8.1456
44.7995	8.1207
45.1128	8.0957
45.4261	8.0957
45.7393	8.0957
46.0526	8.1207
46.3659	8.1207
46.6792	8.1456
46.9925	8.1456
47.3058	8.1456
47.619	8.1456
47.9323	8.1456
48.2456	8.1705
48.5589	8.1705
48.8722	8.1705
49.1855	8.1705
49.4987	8.1705
49.812	8.1456
50.1253	8.1456
50.4386	8.1456
50.7519	8.1456
51.0652	8.1456
51.3784	8.1456
51.6917	8.1456
52.005	8.1456
52.3183	8.1456
52.6316	8.1456
52.9449	8.1456
53.2581	8.1705
53.5714	8.1705
53.8847	8.1954
54.198	8.1954
54.5113	8.1954
54.8246	8.1954
55.1378	8.1954
55.4511	8.1705
55.7644	8.1456
56.0777	8.1456
56.391	8.1456
56.7043	8.1456
57.0175	8.1456
57.3308	8.1456
57.6441	8.1456
57.9574	8.1456
58.2707	8.1456
58.584	8.1456
58.8972	8.1456
59.2105	8.1456
59.5238	8.1456
59.8371	8.1456
60.1504	8.1705
60.4637	8.1954
60.7769	8.2452
61.0902	8.3698
61.4035	8.4943
61.7168	8.5939
62.0301	8.7434
62.3434	8.8929
62.6566	9.0423
62.9699	9.3163
63.2832	9.5654
63.5965	9.8145
63.9098	10.1135
64.2231	10.3127
64.5363	10.5867
64.8496	10.8109
65.1629	11.0102
65.4762	11.2593
65.7895	11.633
66.1028	11.8322
66.416	11.9319
66.7293	12.1561
67.0426	12.4799
67.3559	12.4799
67.6692	12.7788
67.9825	12.8785
68.2957	13.0528
68.609	13.1525
68.9223	13.2521
69.2356	13.2521
69.5489	13.3268
69.8622	13.4016
70.1754	13.4016
70.4887	13.5012
70.802	13.5012
71.1153	13.2521
71.4286	13.2521
71.7419	13.3268
72.0551	13.3268
72.3684	13.3268
72.6817	13.3268
72.995	13.3268
73.3083	13.3268
73.6216	13.3268
73.9348	13.3518
74.2481	13.3518
74.5614	13.3518
74.8747	13.3518
75.188	13.3518
75.5013	13.3518
75.8145	13.3767
76.1278	13.3767
76.4411	13.3767
76.7544	13.3767
77.0677	13.3767
77.381	13.3767
77.6942	13.3767
78.0075	13.3767
78.3208	13.3767
78.6341	13.3767
78.9474	13.3767
79.2607	13.3767
79.5739	13.3518
79.8872	13.3518
80.2005	13.3518
80.5138	13.3767
80.8271	13.3767
81.1404	13.3767
81.4536	13.4016
81.7669	13.4016
82.0802	13.4016
82.3935	13.3767
82.7068	13.3767
83.0201	13.3767
83.3333	13.3767
83.6466	13.3767
83.9599	13.3767
84.2732	13.3767
84.5865	13.3767
84.8997	13.3767
85.213	13.3767
85.5263	13.3518
85.8396	13.3518
86.1529	13.3518
86.4662	13.3767
86.7794	13.3767
87.0927	13.3767
87.406	13.3767
87.7193	13.3518
88.0326	13.3518
88.3459	13.3767
88.6591	13.3767
88.9724	13.4016
89.2857	13.4016
89.599	13.4016
89.9123	13.4265
90.2256	13.4265
90.5388	13.4514
90.8521	13.4763
91.1654	13.4763
91.4787	13.4763
91.792	13.4763
92.1053	13.4763
92.4185	13.4514
92.7318	13.4514
93.0451	13.4514
93.3584	13.4514
93.6717	13.4514
93.985	13.4514
94.2982	13.4514
94.6115	13.4265
94.9248	13.4265
95.2381	13.4265
95.5514	13.3767
95.8647	13.3767
96.1779	13.3767
96.4912	13.3767
96.8045	13.4016
97.1178	13.4016
97.4311	13.4016
97.7444	13.3767
98.0576	13.3767
98.3709	13.3767
98.6842	13.3767
98.9975	13.3767
99.3108	13.3767
99.6241	13.4265
99.9373	13.4265
100.251	13.4265
100.564	13.4265
100.877	13.4265
101.191	13.4265
101.504	13.4265
101.817	13.4265
102.13	13.4265
102.444	13.4265
102.757	13.4265
103.07	13.4016
103.383	13.4016
103.697	13.4016
104.01	13.4016
104.323	13.4016
104.637	13.4016
104.95	13.4265
105.263	13.4265
105.576	13.4514
105.89	13.4514
106.203	13.4514
106.516	13.4763
106.83	13.4763
107.143	13.5012
107.456	13.5012
107.769	13.5012
108.083	13.4763
108.396	13.4763
108.709	13.4763
109.023	13.4514
109.336	13.4514
109.649	13.4016
109.962	13.4016
110.276	13.4016
110.589	13.4016
110.902	13.4016
111.216	13.4016
111.529	13.4016
111.842	13.4016
112.155	13.4265
112.469	13.4265
112.782	13.4265
113.095	13.4265
113.409	13.4265
113.722	13.4514
114.035	13.4514
114.348	13.4514
114.662	13.4514
114.975	13.4265
115.288	13.4265
115.602	13.4016
115.915	13.3767
116.228	13.3767
116.541	13.3767
116.855	13.4016
117.168	13.4016
117.481	13.4016
117.794	13.4016
118.108	13.4016
118.421	13.4016
118.734	13.4016
119.048	13.4265
119.361	13.4265
119.674	13.4265
119.987	13.4265
120.301	13.4016
120.614	13.4016
120.927	13.4016
121.241	13.4016
121.554	13.4016
121.867	13.4016
122.18	13.3767
122.494	13.3268
122.807	13.2023
123.12	12.7788
123.434	12.6792
123.747	12.6045
124.06	12.5546
124.373	12.4799
124.687	12.3803
125	12.2806
125.313	12.1063
125.627	11.9817
125.94	11.8572
126.253	11.8572
126.566	11.7077
126.88	11.5831
127.193	11.5333
127.506	11.359
127.82	11.2344
128.133	11.1846
128.446	10.9355
128.759	10.6864
129.073	10.4622
129.386	10.2131
129.699	9.9391
130.012	9.69
130.326	9.4409
130.639	9.2416
130.952	9.0672
131.266	8.8929
131.579	8.7434
131.892	8.5939
132.206	8.4445
132.519	8.3448
132.832	8.2701
133.145	8.2452
133.459	8.2452
133.772	8.2452
134.085	8.2701
134.399	8.2701
134.712	8.2701
135.025	8.2452
135.338	8.2452
135.652	8.2452
135.965	8.2452
136.278	8.2701
136.591	8.2701
136.905	8.2701
137.218	8.2701
137.531	8.2701
137.845	8.2701
138.158	8.2701
138.471	8.2452
138.785	8.2452
139.098	8.2452
139.411	8.2452
139.724	8.2452
140.038	8.2452
140.351	8.2203
140.664	8.2203
140.977	8.2203
141.291	8.2203
141.604	8.2452
141.917	8.2452
142.231	8.2452
142.544	8.2452
142.857	8.2452
143.17	8.2452
143.484	8.2452
143.797	8.2452
144.11	8.2452
144.424	8.2452
144.737	8.2452
145.05	8.2452
145.363	8.2203
145.677	8.2203
145.99	8.2203
146.303	8.2203
146.617	8.2203
146.93	8.2203
147.243	8.2203
147.556	8.2203
147.87	8.2203
148.183	8.2452
148.496	8.2452
148.81	8.2452
149.123	8.2452
149.436	8.2701
149.749	8.2701
150.063	8.2452
150.376	8.2452
150.689	8.2452
151.002	8.2452
151.316	8.2701
151.629	8.2701
151.942	8.2701
152.256	8.2452
152.569	8.2452
152.882	8.2452
153.196	8.2452
153.509	8.2452
153.822	8.2452
154.135	8.2701
154.449	8.2701
154.762	8.2701
155.075	8.2701
155.388	8.2701
155.702	8.2701
156.015	8.2701
156.328	8.2701
156.642	8.2701
156.955	8.2701
157.268	8.2701
157.582	8.2701
157.895	8.2452
158.208	8.2203
158.521	8.2203
158.835	8.2203
159.148	8.2203
159.461	8.2203
159.774	8.2203
160.088	8.1456
160.401	8.1456
160.714	8.1456
161.028	8.1705
161.341	8.2203
161.654	8.295
161.967	8.3947
162.281	8.5192
162.594	8.6189
162.907	8.7683
163.221	8.9427
163.534	9.0921
163.847	9.3163
164.16	9.6153
164.474	9.8644
164.787	10.1135
165.1	10.3626
165.413	10.5867
165.727	10.8109
166.04	11.0102
166.353	11.2593
166.667	11.4835
166.98	11.8322
167.293	12.1312
167.607	12.4799
167.92	12.6294
168.233	12.7788
168.546	12.8785
168.86	13.003
169.173	13.1027
169.486	13.2023
169.799	13.3019
170.113	13.4016
170.426	13.4016
170.739	13.4763
171.053	13.4763
171.366	13.3019
171.679	13.3019
171.993	13.3518
172.306	13.3518
172.619	13.3767
172.932	13.4016
173.246	13.4265
173.559	13.4514
173.872	13.4514
174.185	13.4514
174.499	13.4514
174.812	13.4514
175.125	13.4514
175.439	13.4514
175.752	13.4514
176.065	13.4514
176.378	13.4763
176.692	13.4763
177.005	13.4763
177.318	13.4763
177.632	13.4763
177.945	13.4763
178.258	13.4763
178.571	13.4763
178.885	13.4763
179.198	13.5012
179.511	13.5012
179.825	13.5012
180.138	13.5012
180.451	13.4763
180.764	13.4514
181.078	13.4514
181.391	13.4265
181.704	13.4265
182.018	13.4265
182.331	13.4514
182.644	13.4514
182.957	13.4514
183.271	13.4514
183.584	13.4514
183.897	13.4514
184.21	13.4514
184.524	13.4514
184.837	13.5012
185.15	13.5012
185.464	13.5012
185.777	13.5261
186.09	13.5261
186.404	13.5261
186.717	13.5261
187.03	13.5261
187.343	13.5261
187.657	13.5261
187.97	13.5261
188.283	13.5261
188.596	13.5261
188.91	13.5261
189.223	13.5261
189.536	13.5261
189.85	13.5261
190.163	13.5261
190.476	13.5261
190.79	13.5261
191.103	13.5261
191.416	13.5261
191.729	13.5261
192.043	13.5261
192.356	13.5261
192.669	13.5261
192.982	13.5012
193.296	13.5012
193.609	13.5012
193.922	13.5012
194.236	13.5261
194.549	13.5261
194.862	13.5261
195.175	13.5261
195.489	13.551
195.802	13.5261
196.115	13.5261
196.429	13.5261
196.742	13.5261
197.055	13.5012
197.368	13.5012
197.682	13.5012
197.995	13.5012
198.308	13.5012
198.622	13.5012
198.935	13.4763
199.248	13.4763
199.561	13.4763
199.875	13.4763
200.188	13.4514
200.501	13.4514
200.815	13.4514
201.128	13.4514
201.441	13.4763
201.754	13.5012
202.068	13.5012
202.381	13.5012
202.694	13.5012
203.007	13.5012
203.321	13.5012
203.634	13.5012
203.947	13.5012
204.261	13.5012
204.574	13.5012
204.887	13.5012
205.201	13.5012
205.514	13.5012
205.827	13.5012
206.14	13.5012
206.454	13.5012
206.767	13.5012
207.08	13.5012
207.393	13.5012
207.707	13.5012
208.02	13.5012
208.333	13.5012
208.647	13.5012
208.96	13.5012
209.273	13.5012
209.587	13.5012
209.9	13.5012
210.213	13.5012
210.526	13.4763
210.84	13.4763
211.153	13.4763
211.466	13.4514
211.779	13.4514
212.093	13.4514
212.406	13.4514
212.719	13.4763
213.033	13.4763
213.346	13.4763
213.659	13.4763
213.972	13.4763
214.286	13.4763
214.599	13.5012
214.912	13.5261
215.226	13.5261
215.539	13.5261
215.852	13.5759
216.165	13.5759
216.479	13.5759
216.792	13.5759
217.105	13.5759
217.418	13.551
217.732	13.551
218.045	13.551
218.358	13.551
218.672	13.5261
218.985	13.5261
219.298	13.5261
219.612	13.5261
219.925	13.5012
220.238	13.4763
220.551	13.4763
220.865	13.4763
221.178	13.4763
221.491	13.4514
221.804	13.4514
222.118	13.4514
222.431	13.4514
222.744	13.4514
223.058	13.4514
223.371	13.4514
223.684	13.4514
223.998	13.4514
224.311	13.4514
224.624	13.4265
224.937	13.4265
225.251	13.4265
225.564	13.3767
225.877	13.3767
226.19	13.3268
226.504	13.3019
226.817	13.2521
227.13	12.6792
227.444	12.6294
227.757	12.5546
228.07	12.4799
228.383	12.3803
228.697	12.2557
229.01	12.1312
229.323	12.0066
229.637	11.8572
229.95	11.7077
230.263	11.4835
230.576	11.359
230.89	11.3091
231.203	11.1348
231.516	11.0849
231.83	10.9106
232.143	10.6615
232.456	10.4124
232.769	10.1384
233.083	9.8644
233.396	9.6402
233.709	9.4409
234.023	9.2416
234.336	9.0921
234.649	8.9427
234.962	8.7932
235.276	8.6687
235.589	8.569
235.902	8.4694
236.215	8.4196
236.529	8.3947
236.842	8.3947
237.155	8.3947
237.469	8.3698
237.782	8.3698
238.095	8.3448
238.409	8.3448
238.722	8.3448
239.035	8.3199
239.348	8.3199
239.662	8.3448
239.975	8.3448
240.288	8.3199
240.601	8.3199
240.915	8.3199
241.228	8.3199
241.541	8.3448
241.855	8.3698
242.168	8.3698
242.481	8.3698
242.794	8.3698
243.108	8.3698
243.421	8.3448
243.734	8.3448
244.048	8.3448
244.361	8.3448
244.674	8.3448
244.988	8.3448
245.301	8.3448
245.614	8.3448
245.927	8.3199
246.241	8.3199
246.554	8.3199
246.867	8.3448
247.18	8.3698
247.494	8.3698
247.807	8.3698
248.12	8.3698
248.434	8.3698
248.747	8.3698
249.06	8.3698
249.373	8.3947
249.687	8.3947
250	8.3947
250.313	8.3947
250.627	8.3698
250.94	8.3698
251.253	8.3448
251.566	8.3448
251.88	8.3448
252.193	8.3698
252.506	8.3698
252.82	8.3698
253.133	8.3448
253.446	8.3448
253.759	8.3199
254.073	8.3199
254.386	8.3199
254.699	8.3199
255.012	8.3199
255.326	8.3199
255.639	8.3448
255.952	8.3448
256.266	8.3448
256.579	8.3448
256.892	8.3448
257.205	8.3448
257.519	8.3448
257.832	8.3698
258.145	8.3698
258.459	8.3947
258.772	8.3947
259.085	8.3947
259.399	8.3947
259.712	8.3698
260.025	8.3698
260.338	8.3698
260.652	8.3698
260.965	8.3448
261.278	8.3448
261.591	8.3448
261.905	8.3448
262.218	8.3448
262.531	8.295
262.845	8.295
263.158	8.295
263.471	8.295
263.784	8.3698
264.098	8.4196
264.411	8.4445
264.724	8.5192
265.038	8.6189
265.351	8.6936
265.664	8.8181
265.977	8.9427
266.291	9.0672
266.604	9.3163
266.917	9.5156
267.231	9.7398
267.544	9.9391
267.857	10.0885
268.17	10.3127
268.484	10.5369
268.797	10.786
269.11	11.0351
269.424	11.6579
269.737	11.7326
270.05	11.9319
270.363	12.3304
270.677	12.4799
270.99	12.6543
271.303	12.8037
271.616	12.9781
271.93	13.1276
272.243	13.2521
272.556	13.3518
272.87	13.3518
273.183	13.3518
273.496	13.4514
273.81	13.3767
274.123	13.3767
274.436	13.4265
274.749	13.4514
275.063	13.4514
275.376	13.5012
275.689	13.5261
276.002	13.551
276.316	13.5759
276.629	13.6009
276.942	13.6009
277.256	13.6009
277.569	13.6009
277.882	13.6009
278.195	13.6009
278.509	13.6009
278.822	13.6009
279.135	13.6009
279.449	13.6009
279.762	13.5759
280.075	13.5759
280.389	13.5759
280.702	13.551
281.015	13.551
281.328	13.551
281.642	13.551
281.955	13.551
282.268	13.551
282.582	13.551
282.895	13.551
283.208	13.551
283.521	13.5261
283.835	13.5261
284.148	13.5261
284.461	13.5261
284.774	13.551
285.088	13.5759
285.401	13.5759
285.714	13.5759
286.028	13.5759
286.341	13.5759
286.654	13.6009
286.967	13.6009
287.281	13.6258
287.594	13.6258
287.907	13.6258
288.221	13.6258
288.534	13.6507
288.847	13.6507
289.16	13.6507
289.474	13.6507
289.787	13.6507
290.1	13.6507
290.413	13.6258
290.727	13.6009
291.04	13.5759
291.353	13.5759
291.667	13.5759
291.98	13.5759
292.293	13.5759
292.606	13.5759
292.92	13.6009
293.233	13.6009
293.546	13.6009
293.86	13.6009
294.173	13.6258
294.486	13.6756
294.8	13.6756
295.113	13.6756
295.426	13.6756
295.739	13.6756
296.053	13.6756
296.366	13.6756
296.679	13.7005
296.993	13.7005
297.306	13.7005
297.619	13.6756
297.932	13.6507
298.246	13.6258
298.559	13.6258
298.872	13.6258
299.185	13.6258
299.499	13.6507
299.812	13.6507
300.125	13.6507
300.439	13.6507
300.752	13.6507
301.065	13.6258
301.378	13.6258
301.692	13.6258
302.005	13.6258
302.318	13.6258
302.632	13.6258
302.945	13.6507
303.258	13.6507
303.571	13.6507
303.885	13.6507
304.198	13.6507
304.511	13.6507
304.825	13.6507
305.138	13.6507
305.451	13.6507
305.764	13.6507
306.078	13.6756
306.391	13.6756
306.704	13.7005
307.017	13.7254
307.331	13.7254
307.644	13.7254
307.957	13.7254
308.271	13.7005
308.584	13.7005
308.897	13.7254
309.211	13.7254
309.524	13.7254
309.837	13.7254
310.15	13.7254
310.464	13.7005
310.777	13.6756
311.09	13.6756
311.404	13.6756
311.717	13.6756
312.03	13.6756
312.343	13.6756
312.657	13.6756
312.97	13.6756
313.283	13.6258
313.596	13.6258
313.91	13.6258
314.223	13.6756
314.536	13.6756
314.85	13.6756
315.163	13.6756
315.476	13.6756
315.789	13.6258
316.103	13.6258
316.416	13.6258
316.729	13.6258
317.043	13.6258
317.356	13.6507
317.669	13.6507
317.983	13.6507
318.296	13.6258
318.609	13.6258
318.922	13.6009
319.236	13.6009
319.549	13.6009
319.862	13.6258
320.175	13.6258
320.489	13.6258
320.802	13.6258
321.115	13.6009
321.429	13.6009
321.742	13.6009
322.055	13.6009
322.368	13.6258
322.682	13.6258
322.995	13.6258
323.308	13.6507
323.622	13.6756
323.935	13.6756
324.248	13.6756
324.561	13.6756
324.875	13.6756
325.188	13.6756
325.501	13.6756
325.815	13.6258
326.128	13.6258
326.441	13.5759
326.754	13.551
327.068	13.5012
327.381	13.4514
327.694	13.4016
328.007	13.3767
328.321	13.3019
328.634	12.7539
328.947	12.6543
329.261	12.5795
329.574	12.455
329.887	12.3304
330.2	12.181
330.514	12.0315
330.827	11.907
331.14	11.7575
331.454	11.6081
331.767	11.4586
332.08	11.4337
332.394	11.3091
332.707	11.2842
333.02	11.1348
333.333	11.1348
333.647	10.9853
333.96	10.8358
334.273	10.7362
334.587	10.6117
334.9	10.512
335.213	10.3875
335.526	10.238
335.84	10.0885
336.153	9.964
336.466	9.8394
336.779	9.7149
337.093	9.6153
337.406	9.4907
337.719	9.3662
338.033	9.2665
338.346	9.1669
338.659	9.0921
338.972	8.9925
339.286	8.9178
339.599	8.843
339.912	8.7932
340.226	8.7185
340.539	8.6936
340.852	8.6189
341.165	8.5441
341.479	8.5441
341.792	8.5192
342.105	8.5192
342.418	8.4943
342.732	8.4694
343.045	8.4694
343.358	8.4694
343.672	8.4694
343.985	8.4694
344.298	8.4694
344.611	8.4694
344.925	8.4943
345.238	8.5192
345.551	8.5192
345.865	8.5192
346.178	8.5192
346.491	8.5192
346.805	8.5441
347.118	8.5441
347.431	8.5441
347.744	8.5441
348.058	8.5192
348.371	8.5192
348.684	8.5192
348.998	8.4943
349.311	8.4943
349.624	8.4943
349.937	8.4943
350.251	8.4943
350.564	8.4694
350.877	8.4196
351.19	8.4196
351.504	8.4196
351.817	8.4196
352.13	8.4445
352.444	8.4445
352.757	8.4694
353.07	8.4694
353.384	8.4694
353.697	8.4694
354.01	8.4943
354.323	8.5192
354.637	8.5192
354.95	8.5441
355.263	8.5441
355.576	8.5441
355.89	8.5441
356.203	8.5441
356.516	8.5441
356.83	8.5441
357.143	8.5192
357.456	8.5192
357.769	8.5192
358.083	8.5192
358.396	8.4943
358.709	8.4943
359.023	8.4943
359.336	8.4943
359.649	8.4943
359.962	8.4943
360.276	8.4943
360.589	8.4943
360.902	8.4943
361.216	8.4943
361.529	8.4943
361.842	8.4943
362.155	8.4943
362.469	8.4694
362.782	8.4694
363.095	8.4196
363.409	8.3947
363.722	8.3947
364.035	8.3947
364.348	8.4196
364.662	8.4694
364.975	8.5192
365.288	8.569
365.601	8.6687
365.915	8.7434
366.228	8.868
366.541	9.0174
366.855	9.1918
367.168	9.416
367.481	9.6651
367.795	9.8893
368.108	10.1135
368.421	10.3376
368.734	10.5618
369.048	10.786
369.361	11.0102
369.674	11.2344
369.988	11.9568
370.301	12.181
370.614	12.3554
370.927	12.5297
371.241	12.6792
371.554	12.8286
371.867	12.9781
372.18	13.1525
372.494	13.277
372.807	13.4016
373.12	13.5012
373.434	13.5012
373.747	13.5012
374.06	13.4265
374.373	13.4265
374.687	13.4265
375	13.5012
375.313	13.551
375.627	13.6009
375.94	13.6009
376.253	13.6258
376.566	13.6258
376.88	13.6258
377.193	13.6258
377.506	13.6258
377.82	13.6507
378.133	13.6507
378.446	13.6507
378.759	13.6756
379.073	13.7005
379.386	13.7005
379.699	13.7254
380.012	13.7254
380.326	13.7503
380.639	13.7503
380.952	13.7503
381.266	13.7503
381.579	13.7503
381.892	13.7503
382.205	13.7503
382.519	13.7503
382.832	13.7503
383.145	13.7254
383.459	13.7254
383.772	13.7254
384.085	13.7254
384.399	13.7503
384.712	13.7503
385.025	13.7752
385.338	13.7752
385.652	13.7752
385.965	13.7752
386.278	13.7752
386.591	13.7752
386.905	13.7752
387.218	13.8001
387.531	13.7752
387.845	13.7752
388.158	13.7752
388.471	13.7752
388.784	13.7752
389.098	13.7752
389.411	13.7752
389.724	13.7752
390.038	13.7752
390.351	13.7752
390.664	13.7752
390.977	13.7752
391.291	13.7503
391.604	13.7503
391.917	13.7254
392.231	13.7254
392.544	13.7254
392.857	13.7254
393.17	13.7254
393.484	13.7254
393.797	13.7254
394.11	13.7254
394.424	13.7254
394.737	13.7254
395.05	13.7254
395.363	13.7254
395.677	13.7503
395.99	13.7503
396.303	13.7752
396.616	13.7752
396.93	13.7752
397.243	13.8001
397.556	13.8001
397.87	13.8001
398.183	13.7752
398.496	13.7752
398.81	13.7503
399.123	13.7503
399.436	13.7503
399.749	13.7503
400.063	13.7503
400.376	13.7503
400.689	13.7503
401.002	13.7503
401.316	13.7503
401.629	13.7752
401.942	13.7752
402.256	13.8001
402.569	13.825
402.882	13.825
403.195	13.825
403.509	13.825
403.822	13.825
404.135	13.825
404.449	13.8001
404.762	13.825
405.075	13.825
405.389	13.8001
405.702	13.8001
406.015	13.8001
406.328	13.8001
406.642	13.7752
406.955	13.7503
407.268	13.7503
407.582	13.7503
407.895	13.7503
408.208	13.7254
408.521	13.7005
408.835	13.7005
409.148	13.7005
409.461	13.7005
409.774	13.6756
410.088	13.6756
410.401	13.6756
410.714	13.6756
411.028	13.6756
411.341	13.6756
411.654	13.6756
411.967	13.6756
412.281	13.6756
412.594	13.7005
412.907	13.7005
413.221	13.7005
413.534	13.7005
413.847	13.7005
414.16	13.7254
414.474	13.7254
414.787	13.7254
415.1	13.7254
415.413	13.7254
415.727	13.7503
416.04	13.7752
416.353	13.7752
416.667	13.7752
416.98	13.7752
417.293	13.7752
417.606	13.7752
417.92	13.7752
418.233	13.8001
418.546	13.8001
418.86	13.8001
419.173	13.8001
419.486	13.8001
419.8	13.8001
420.113	13.8001
420.426	13.8001
420.739	13.7752
421.053	13.7752
421.366	13.7752
421.679	13.7503
421.993	13.7503
422.306	13.7503
422.619	13.7503
422.932	13.7503
423.246	13.7503
423.559	13.7254
423.872	13.7254
424.185	13.7254
424.499	13.7254
424.812	13.7005
425.125	13.7005
425.439	13.7005
425.752	13.7005
426.065	13.7005
426.378	13.7254
426.692	13.7254
427.005	13.7254
427.318	13.7254
427.632	13.7254
427.945	13.7005
428.258	13.6507
428.571	13.6009
428.885	13.5759
429.198	13.551
429.511	13.4763
429.825	12.9283
430.138	12.8286
430.451	12.7539
430.764	12.6045
431.078	12.455
431.391	12.3304
431.704	12.181
432.017	12.0315
432.331	11.8821
432.644	11.6828
432.957	11.5084
433.271	11.359
433.584	11.2842
433.897	11.1348
434.211	11.0849
434.524	10.8857
434.837	10.6366
435.15	10.3875
435.464	10.1135
435.777	9.8644
436.09	9.6402
436.404	9.3911
436.717	9.2416
437.03	9.0672
437.343	8.9427
437.657	8.7932
437.97	8.6687
438.283	8.5939
438.596	8.5192
438.91	8.4943
439.223	8.4943
439.536	8.4943
439.85	8.4943
440.163	8.5192
440.476	8.5192
440.789	8.5192
441.103	8.5192
441.416	8.5192
441.729	8.4943
442.043	8.4943
442.356	8.4943
442.669	8.5192
442.983	8.5441
443.296	8.5441
443.609	8.5441
443.922	8.5441
444.236	8.5192
444.549	8.4943
444.862	8.4943
445.175	8.4943
445.489	8.5192
445.802	8.5192
446.115	8.5192
446.429	8.4943
446.742	8.4943
447.055	8.4943
447.368	8.4943
447.682	8.4943
447.995	8.4943
448.308	8.5192
448.622	8.5192
448.935	8.5192
449.248	8.5441
449.561	8.5441
449.875	8.569
450.188	8.569
450.501	8.5939
450.815	8.5939
451.128	8.5939
451.441	8.6189
451.754	8.6189
452.068	8.6189
452.381	8.6189
452.694	8.6189
453.007	8.6189
453.321	8.6189
453.634	8.6189
453.947	8.569
454.261	8.569
454.574	8.569
454.887	8.5441
455.2	8.5441
455.514	8.5441
455.827	8.5441
456.14	8.5441
456.454	8.5441
456.767	8.5441
457.08	8.5441
457.394	8.5441
457.707	8.5441
458.02	8.5441
458.333	8.5441
458.647	8.569
458.96	8.569
459.273	8.569
459.587	8.569
459.9	8.569
460.213	8.569
460.526	8.569
460.84	8.5441
461.153	8.5441
461.466	8.5441
461.779	8.5441
462.093	8.5441
462.406	8.5441
462.719	8.5441
463.033	8.5441
463.346	8.5441
463.659	8.5441
463.972	8.5192
464.286	8.4943
464.599	8.4196
464.912	8.4196
465.226	8.4196
465.539	8.4196
465.852	8.4196
466.165	8.4445
466.479	8.4694
466.792	8.5939
467.105	8.6687
467.418	8.7683
467.732	8.9178
468.045	9.0672
468.358	9.2914
468.672	9.5654
468.985	9.8145
469.298	10.0885
469.611	10.3626
469.925	10.5867
470.238	10.8857
470.551	11.1348
470.865	11.334
471.178	12.0564
471.491	12.2806
471.805	12.5048
472.118	12.7041
472.431	12.8536
472.744	13.0279
473.058	13.1525
473.371	13.2521
473.684	13.3767
473.998	13.4514
474.311	13.551
474.624	13.551
474.937	13.551
475.251	13.4016
475.564	13.4016
475.877	13.4016
476.19	13.4514
476.504	13.4763
476.817	13.5012
477.13	13.551
477.444	13.5759
477.757	13.6009
478.07	13.6258
478.384	13.6507
478.697	13.6756
479.01	13.6756
479.323	13.6756
479.637	13.7005
479.95	13.7005
480.263	13.7005
480.576	13.7005
480.89	13.7005
481.203	13.7005
481.516	13.6756
481.83	13.6756
482.143	13.6756
482.456	13.6756
482.769	13.6756
483.083	13.6756
483.396	13.6507
483.709	13.6507
484.023	13.6507
484.336	13.6258
484.649	13.6258
484.962	13.6258
485.276	13.6258
485.589	13.6258
485.902	13.6507
486.216	13.6507
486.529	13.6507
486.842	13.6507
487.155	13.6507
487.469	13.6507
487.782	13.6756
488.095	13.6756
488.409	13.6756
488.722	13.7005
489.035	13.7005
489.348	13.7005
489.662	13.7254
489.975	13.7254
490.288	13.7254
490.601	13.7254
490.915	13.7254
491.228	13.7005
491.541	13.6756
491.855	13.6756
492.168	13.6756
492.481	13.6756
492.795	13.6756
493.108	13.6756
493.421	13.6756
493.734	13.6756
494.048	13.6756
494.361	13.6756
494.674	13.6756
494.988	13.6756
495.301	13.6756
495.614	13.7005
495.927	13.7005
496.241	13.7005
496.554	13.7005
496.867	13.7005
497.18	13.7254
497.494	13.7254
497.807	13.7254
498.12	13.7254
498.434	13.7254
498.747	13.7005
499.06	13.7005
499.373	13.7005
499.687	13.7005
500	13.7005
500.313	13.7005
500.627	13.7005
500.94	13.7005
501.253	13.7005
501.566	13.7254
501.88	13.7503
502.193	13.7503
502.506	13.7503
502.82	13.7752
503.133	13.7752
503.446	13.7752
503.759	13.7752
504.073	13.7503
504.386	13.7503
504.699	13.7503
505.012	13.7752
505.326	13.7752
505.639	13.7752
505.952	13.7503
506.266	13.7503
506.579	13.7503
506.892	13.7503
507.205	13.7503
507.519	13.7503
507.832	13.7752
508.145	13.7752
508.459	13.7752
508.772	13.7752
509.085	13.7752
509.399	13.7503
509.712	13.7503
510.025	13.7503
510.338	13.7503
510.652	13.7503
510.965	13.7254
511.278	13.7005
511.591	13.6756
511.905	13.6756
512.218	13.6756
512.531	13.6756
512.845	13.6756
513.158	13.6756
513.471	13.6756
513.784	13.6756
514.098	13.6756
514.411	13.6756
514.724	13.6756
515.038	13.6756
515.351	13.7005
515.664	13.7254
515.977	13.7254
516.291	13.7254
516.604	13.7254
516.917	13.7503
517.231	13.7503
517.544	13.7752
517.857	13.7752
518.17	13.7752
518.484	13.7752
518.797	13.7752
519.11	13.7752
519.424	13.7752
519.737	13.8001
520.05	13.7752
520.363	13.7752
520.677	13.7752
520.99	13.7752
521.303	13.7503
521.616	13.7503
521.93	13.7503
522.243	13.7752
522.556	13.7752
522.87	13.7752
523.183	13.7752
523.496	13.7752
523.809	13.7752
524.123	13.7752
524.436	13.7752
524.749	13.7752
525.063	13.7752
525.376	13.7752
525.689	13.7752
526.003	13.7752
526.316	13.7503
526.629	13.7503
526.942	13.7503
527.256	13.7503
527.569	13.7254
527.882	13.7005
528.196	13.6756
528.509	13.6258
528.822	13.5759
529.135	13.5261
529.449	13.4514
529.762	13.3767
530.075	12.8286
530.389	12.729
530.702	12.6294
531.015	12.455
531.328	12.3304
531.642	12.2059
531.955	12.0564
532.268	11.9319
532.582	11.7077
532.895	11.5333
533.208	11.334
533.521	11.1597
533.835	11.1348
534.148	10.9355
534.461	10.9106
534.774	10.7113
535.088	10.4124
535.401	10.1882
535.714	9.9142
536.028	9.69
536.341	9.4907
536.654	9.2914
536.967	9.142
537.281	9.0174
537.594	8.868
537.907	8.7932
538.221	8.6936
538.534	8.6189
538.847	8.569
539.16	8.569
539.474	8.569
539.787	8.569
540.1	8.5441
540.413	8.5441
540.727	8.5441
541.04	8.5441
541.353	8.5441
541.667	8.5441
541.98	8.5441
542.293	8.5441
542.606	8.569
542.92	8.569
543.233	8.569
543.546	8.5939
543.86	8.5939
544.173	8.5939
544.486	8.5939
544.799	8.5939
545.113	8.5939
545.426	8.5939
545.739	8.5939
546.053	8.569
546.366	8.569
546.679	8.569
546.992	8.5441
547.306	8.5441
547.619	8.5441
547.932	8.5441
548.246	8.5441
548.559	8.5441
548.872	8.5441
549.186	8.5441
549.499	8.5441
549.812	8.5441
550.125	8.5192
550.439	8.5192
550.752	8.5192
551.065	8.5441
551.378	8.5441
551.692	8.5441
552.005	8.5441
552.318	8.5192
552.632	8.5192
552.945	8.5192
553.258	8.5192
553.571	8.5192
553.885	8.5192
554.198	8.5192
554.511	8.5192
554.825	8.5441
555.138	8.5441
555.451	8.5441
555.764	8.5192
556.078	8.5192
556.391	8.5192
556.704	8.5192
557.018	8.5192
557.331	8.5192
557.644	8.5192
557.957	8.5192
558.271	8.4943
558.584	8.4943
558.897	8.4943
559.211	8.4694
559.524	8.4694
559.837	8.4943
560.15	8.4943
560.464	8.4943
560.777	8.4943
561.09	8.4943
561.404	8.4694
561.717	8.4694
562.03	8.4694
562.343	8.4694
562.657	8.4694
562.97	8.4694
563.283	8.4694
563.596	8.4694
563.91	8.4694
564.223	8.4694
564.536	8.4694
564.85	8.4196
565.163	8.4196
565.476	8.4196
565.789	8.4196
566.103	8.4445
566.416	8.5192
566.729	8.5441
567.043	8.6438
567.356	8.7683
567.669	8.843
567.982	8.9925
568.296	9.1669
568.609	9.3163
568.922	9.5654
569.236	9.8145
569.549	10.0387
569.862	10.2878
570.175	10.512
570.489	10.7362
570.802	10.9853
571.115	11.1846
571.429	11.4088
571.742	12.1312
572.055	12.3304
572.368	12.5297
572.682	12.7041
572.995	12.8785
573.308	13.0528
573.622	13.2023
573.935	13.3268
574.248	13.4514
574.561	13.5759
574.875	13.6756
575.188	13.6756
575.501	13.6756
575.814	13.5261
576.128	13.5261
576.441	13.5261
576.754	13.5759
577.068	13.6009
577.381	13.6756
577.694	13.7005
578.008	13.7005
578.321	13.7254
578.634	13.7254
578.947	13.7254
579.261	13.7254
579.574	13.7254
579.887	13.7254
580.201	13.7254
580.514	13.7254
580.827	13.7254
581.14	13.7005
581.454	13.6756
581.767	13.6756
582.08	13.6756
582.394	13.6756
582.707	13.6756
583.02	13.6756
583.333	13.6756
583.647	13.6756
583.96	13.7005
584.273	13.7005
584.587	13.7005
584.9	13.7005
585.213	13.6756
585.526	13.6756
585.84	13.7005
586.153	13.7005
586.466	13.7005
586.779	13.7005
587.093	13.7005
587.406	13.7254
587.719	13.7254
588.033	13.7503
588.346	13.7503
588.659	13.7503
588.972	13.7503
589.286	13.7752
589.599	13.7752
589.912	13.7752
590.226	13.7752
590.539	13.7752
590.852	13.7752
591.165	13.7752
591.479	13.7503
591.792	13.7254
592.105	13.7254
592.418	13.7254
592.732	13.7005
593.045	13.7005
593.358	13.7005
593.672	13.7005
593.985	13.6756
594.298	13.6756
594.611	13.6756
594.925	13.6756
595.238	13.6756
595.551	13.7005
595.865	13.7005
596.178	13.7254
596.491	13.7254
596.804	13.7503
597.118	13.7752
597.431	13.7752
597.744	13.8001
598.058	13.8001
598.371	13.8001
598.684	13.8001
598.997	13.8001
599.311	13.8001
599.624	13.8001
599.937	13.825
600.251	13.825
600.564	13.825
600.877	13.8001
601.191	13.7752
601.504	13.7752
601.817	13.7752
602.13	13.7752
602.444	13.7752
602.757	13.7752
603.07	13.7752
603.384	13.7752
603.697	13.7752
604.01	13.7752
604.323	13.7752
604.637	13.7752
604.95	13.8001
605.263	13.8001
605.576	13.825
605.89	13.825
606.203	13.85
606.516	13.85
606.83	13.85
607.143	13.8749
607.456	13.8998
607.769	13.8998
608.083	13.8998
608.396	13.8998
608.709	13.8749
609.023	13.8749
609.336	13.8749
609.649	13.85
609.962	13.85
610.276	13.85
610.589	13.85
610.902	13.85
611.216	13.825
611.529	13.825
611.842	13.825
612.155	13.825
612.469	13.85
612.782	13.8749
613.095	13.8749
613.409	13.8749
613.722	13.8749
614.035	13.8749
614.348	13.8749
614.662	13.8749
614.975	13.8749
615.288	13.8998
615.601	13.8998
615.915	13.8998
616.228	13.8749
616.541	13.825
616.855	13.8001
617.168	13.8001
617.481	13.8001
617.794	13.8001
618.108	13.8001
618.421	13.8001
618.734	13.8001
619.048	13.8001
619.361	13.8001
619.674	13.7503
619.987	13.7503
620.301	13.7503
620.614	13.7503
620.927	13.7503
621.241	13.7503
621.554	13.7503
621.867	13.7254
622.181	13.7254
622.494	13.7005
622.807	13.7005
623.12	13.7005
623.434	13.7005
623.747	13.7254
624.06	13.7503
624.373	13.7503
624.687	13.7503
625	13.7503
625.313	13.7503
625.627	13.7503
625.94	13.7503
626.253	13.7503
626.566	13.7503
626.88	13.7503
627.193	13.7503
627.506	13.7503
627.819	13.7503
628.133	13.7503
628.446	13.7254
628.759	13.7005
629.073	13.7005
629.386	13.7005
629.699	13.6258
630.013	13.6009
630.326	13.551
630.639	13.4763
630.952	12.9034
631.266	12.8037
631.579	12.729
631.892	12.6045
632.206	12.4799
632.519	12.3803
632.832	12.2308
633.145	12.0813
633.459	11.9319
633.772	11.7326
634.085	11.5582
634.399	11.4337
634.712	11.359
635.025	11.2095
635.338	11.1597
635.652	10.9853
635.965	10.7113
636.278	10.4373
636.591	10.2131
636.905	9.964
637.218	9.7647
637.531	9.5654
637.845	9.3662
638.158	9.2167
638.471	9.0423
638.784	8.9178
639.098	8.8181
639.411	8.7434
639.724	8.7185
640.038	8.7185
640.351	8.6936
640.664	8.6936
640.977	8.6936
641.291	8.6687
641.604	8.6687
641.917	8.6687
642.231	8.6687
642.544	8.6936
642.857	8.6936
643.17	8.6936
643.484	8.6936
643.797	8.6687
644.11	8.6438
644.424	8.6438
644.737	8.6438
645.05	8.6687
645.363	8.6687
645.677	8.6687
645.99	8.6687
646.303	8.6438
646.616	8.6438
646.93	8.6438
647.243	8.6438
647.556	8.6687
647.87	8.6687
648.183	8.6687
648.496	8.6687
648.809	8.6687
649.123	8.6438
649.436	8.6189
649.749	8.6189
650.063	8.5939
650.376	8.5939
650.689	8.569
651.003	8.569
651.316	8.569
651.629	8.5441
651.942	8.5441
652.256	8.5441
652.569	8.5441
652.882	8.5441
653.196	8.5441
653.509	8.569
653.822	8.569
654.135	8.569
654.449	8.5939
654.762	8.5939
655.075	8.5939
655.389	8.569
655.702	8.569
656.015	8.569
656.328	8.5939
656.642	8.5939
656.955	8.5939
657.268	8.5939
657.582	8.6189
657.895	8.6189
658.208	8.6189
658.521	8.6189
658.835	8.6189
659.148	8.6438
659.461	8.6438
659.774	8.6438
660.088	8.6438
660.401	8.6438
660.714	8.6438
661.028	8.6189
661.341	8.6189
661.654	8.5939
661.967	8.5939
662.281	8.5939
662.594	8.569
662.907	8.569
663.221	8.5939
663.534	8.5939
663.847	8.5939
664.16	8.5939
664.474	8.5939
664.787	8.5939
665.1	8.5939
665.413	8.5939
665.727	8.569
666.04	8.569
666.353	8.569
666.667	8.569
666.98	8.5939
667.293	8.6687
667.606	8.6936
667.92	8.8181
668.233	8.8929
668.546	9.0174
668.86	9.1918
669.173	9.3412
669.486	9.5405
669.799	9.8145
670.113	10.0387
670.426	10.2878
670.739	10.5867
671.053	11.06
671.366	11.2842
671.679	11.7824
671.992	11.7824
672.306	12.0066
672.619	12.455
672.932	12.6543
673.246	12.8536
673.559	13.003
673.872	13.1525
674.186	13.2521
674.499	13.2521
674.812	13.3767
675.125	13.3767
675.439	13.4265
675.752	13.4265
676.065	13.5012
676.378	13.5012
676.692	13.5261
677.005	13.5759
677.318	13.5759
677.632	13.6507
677.945	13.7005
678.258	13.7254
678.571	13.7254
678.885	13.7254
679.198	13.7254
679.511	13.7005
679.825	13.7005
680.138	13.7005
680.451	13.7254
680.764	13.7503
681.078	13.7503
681.391	13.7503
681.704	13.7503
682.018	13.7503
682.331	13.7503
682.644	13.7503
682.957	13.7503
683.271	13.7752
683.584	13.7752
683.897	13.7752
684.211	13.7752
684.524	13.7752
684.837	13.7752
685.15	13.7752
685.464	13.7752
685.777	13.8001
686.09	13.8001
686.404	13.8001
686.717	13.8001
687.03	13.8001
687.343	13.825
687.657	13.825
687.97	13.825
688.283	13.825
688.596	13.825
688.91	13.8001
689.223	13.8001
689.536	13.8001
689.85	13.8001
690.163	13.8001
690.476	13.8001
690.789	13.7752
691.103	13.7752
691.416	13.7752
691.729	13.7752
692.043	13.7752
692.356	13.7752
692.669	13.7752
692.982	13.8001
693.296	13.8001
693.609	13.8001
693.922	13.8001
694.236	13.8001
694.549	13.8001
694.862	13.8001
695.175	13.8001
695.489	13.8001
695.802	13.7752
696.115	13.7752
696.429	13.7752
696.742	13.7752
697.055	13.7752
697.368	13.8001
697.682	13.825
697.995	13.85
698.308	13.85
698.622	13.8749
698.935	13.8749
699.248	13.8749
699.561	13.85
699.875	13.85
700.188	13.85
700.501	13.85
700.814	13.85
701.128	13.85
701.441	13.825
701.754	13.8001
702.068	13.8001
702.381	13.8001
702.694	13.8001
703.008	13.8001
703.321	13.8001
703.634	13.825
703.947	13.825
704.261	13.825
704.574	13.825
704.887	13.825
705.201	13.825
705.514	13.825
705.827	13.825
706.14	13.825
706.454	13.825
706.767	13.825
707.08	13.825
707.394	13.825
707.707	13.825
708.02	13.825
708.333	13.85
708.647	13.85
708.96	13.85
709.273	13.85
709.587	13.85
709.9	13.825
710.213	13.825
710.526	13.825
710.84	13.825
711.153	13.825
711.466	13.8001
711.779	13.8001
712.093	13.7503
712.406	13.7503
712.719	13.7503
713.033	13.7503
713.346	13.7503
713.659	13.7752
713.972	13.7752
714.286	13.7503
714.599	13.7752
714.912	13.7752
715.226	13.8001
715.539	13.825
715.852	13.825
716.165	13.85
716.479	13.85
716.792	13.85
717.105	13.8749
717.418	13.8749
717.732	13.8998
718.045	13.8998
718.358	13.8998
718.672	13.8998
718.985	13.8998
719.298	13.8998
719.611	13.8998
719.925	13.8998
720.238	13.8998
720.551	13.8998
720.865	13.8998
721.178	13.8998
721.491	13.8749
721.804	13.8749
722.118	13.8749
722.431	13.8749
722.744	13.8749
723.058	13.8749
723.371	13.85
723.684	13.85
723.997	13.825
724.311	13.825
724.624	13.825
724.937	13.85
725.251	13.8749
725.564	13.8749
725.877	13.8749
726.191	13.8749
726.504	13.8749
726.817	13.8749
727.13	13.8749
727.444	13.8749
727.757	13.8998
728.07	13.8998
728.384	13.8998
728.697	13.8749
729.01	13.825
729.323	13.8001
729.637	13.7503
729.95	13.6756
730.263	13.6258
730.576	13.5759
730.89	13.5012
731.203	12.9283
731.516	12.8037
731.83	12.6792
732.143	12.5546
732.456	12.455
732.769	12.3055
733.083	12.1312
733.396	12.0066
733.709	11.8322
734.023	11.6828
734.336	11.5084
734.649	11.359
734.962	11.3091
735.276	11.1348
735.589	11.1099
735.902	10.9106
736.216	10.6366
736.529	10.3626
736.842	10.1135
737.155	9.8644
737.469	9.6651
737.782	9.4907
738.095	9.3163
738.409	9.1669
738.722	8.9925
739.035	8.868
739.348	8.7932
739.662	8.7185
739.975	8.7185
740.288	8.7185
740.601	8.7185
740.915	8.7185
741.228	8.7185
741.541	8.7185
741.855	8.6936
742.168	8.6936
742.481	8.6936
742.794	8.7185
743.108	8.7185
743.421	8.7185
743.734	8.7185
744.048	8.6936
744.361	8.6687
744.674	8.6438
744.987	8.6438
745.301	8.6438
745.614	8.6438
745.927	8.6438
746.241	8.6438
746.554	8.6189
746.867	8.6189
747.181	8.6189
747.494	8.6189
747.807	8.6189
748.12	8.6189
748.434	8.6438
748.747	8.6438
749.06	8.6438
749.373	8.6438
749.687	8.6438
750	8.6438
750.313	8.6438
750.627	8.6438
750.94	8.6438
751.253	8.6189
751.566	8.6189
751.88	8.6189
752.193	8.6438
752.506	8.6438
752.819	8.6438
753.133	8.6687
753.446	8.6687
753.759	8.6687
754.073	8.6687
754.386	8.6936
754.699	8.6936
755.013	8.7185
755.326	8.7185
755.639	8.7185
755.952	8.6936
756.266	8.6936
756.579	8.6936
756.892	8.6438
757.206	8.6189
757.519	8.6189
757.832	8.6189
758.145	8.6189
758.459	8.5939
758.772	8.5939
759.085	8.5939
759.399	8.5939
759.712	8.5939
760.025	8.5939
760.338	8.5939
760.652	8.5939
760.965	8.5939
761.278	8.5939
761.591	8.5939
761.905	8.5939
762.218	8.5939
762.531	8.5939
762.845	8.5939
763.158	8.5939
763.471	8.6189
763.784	8.6189
764.098	8.6189
764.411	8.6189
764.724	8.6189
765.038	8.6189
765.351	8.6189
765.664	8.6189
765.977	8.6189
766.291	8.569
766.604	8.569
766.917	8.569
767.231	8.569
767.544	8.5939
767.857	8.6438
768.17	8.7185
768.484	8.843
768.797	8.9178
769.11	9.0672
769.424	9.2416
769.737	9.416
770.05	9.6651
770.363	9.9391
770.677	10.1633
770.99	10.4622
771.303	10.7113
771.616	10.9604
771.93	11.2095
772.243	11.6828
772.556	11.907
772.87	12.4052
773.183	12.6045
773.496	12.8037
773.809	12.9532
774.123	13.0777
774.436	13.2521
774.749	13.3268
775.063	13.4265
775.376	13.5261
775.689	13.5261
776.003	13.6258
776.316	13.6258
776.629	13.4763
776.942	13.4763
777.256	13.5261
777.569	13.5261
777.882	13.5759
778.196	13.6507
778.509	13.6756
778.822	13.7503
779.135	13.7752
779.449	13.8001
779.762	13.8001
780.075	13.825
780.389	13.825
780.702	13.825
781.015	13.825
781.328	13.825
781.642	13.825
781.955	13.825
782.268	13.8001
782.582	13.8001
782.895	13.8001
783.208	13.8001
783.521	13.8001
783.835	13.825
784.148	13.825
784.461	13.825
784.774	13.825
785.088	13.825
785.401	13.825
785.714	13.825
786.028	13.825
786.341	13.825
786.654	13.825
786.967	13.85
787.281	13.85
787.594	13.85
787.907	13.85
788.221	13.85
788.534	13.85
788.847	13.85
789.16	13.85
789.474	13.85
789.787	13.85
790.1	13.85
790.413	13.85
790.727	13.85
791.04	13.85
791.353	13.8749
791.667	13.8749
791.98	13.8749
792.293	13.8749
792.606	13.8749
792.92	13.8749
793.233	13.8749
793.546	13.8749
793.86	13.8749
794.173	13.8749
794.486	13.8749
794.799	13.85
795.113	13.85
795.426	13.85
795.739	13.85
796.053	13.85
796.366	13.85
796.679	13.85
796.992	13.85
797.306	13.85
797.619	13.8749
797.932	13.8749
798.246	13.8749
798.559	13.8749
798.872	13.8998
799.186	13.8998
799.499	13.8998
799.812	13.8749
800.125	13.8749
800.439	13.8749
800.752	13.8749
801.065	13.8749
801.378	13.8749
801.692	13.8749
802.005	13.8749
802.318	13.8749
802.632	13.8749
802.945	13.8998
803.258	13.9247
803.571	13.9247
803.885	13.9247
804.198	13.9496
804.511	13.9745
804.825	13.9745
805.138	13.9994
805.451	13.9994
805.764	13.9745
806.078	13.9745
806.391	13.9745
806.704	13.9745
807.018	13.9496
807.331	13.9496
807.644	13.9496
807.957	13.9496
808.271	13.9496
808.584	13.9496
808.897	13.9247
809.211	13.9247
809.524	13.9247
809.837	13.9247
810.15	13.9496
810.464	13.9496
810.777	13.9496
811.09	13.9496
811.404	13.9496
811.717	13.9496
812.03	13.9496
812.343	13.9247
812.657	13.9247
812.97	13.9247
813.283	13.9247
813.596	13.9247
813.91	13.9247
814.223	13.9247
814.536	13.9247
814.85	13.9247
815.163	13.9496
815.476	13.9496
815.789	13.9496
816.103	13.9496
816.416	13.9496
816.729	13.9496
817.043	13.9496
817.356	13.9496
817.669	13.9745
817.982	13.9745
818.296	13.9745
818.609	13.9745
818.922	13.9745
819.236	13.9496
819.549	13.9247
819.862	13.9247
820.175	13.9247
820.489	13.9247
820.802	13.9247
821.115	13.8998
821.429	13.8998
821.742	13.8749
822.055	13.85
822.368	13.825
822.682	13.825
822.995	13.825
823.308	13.825
823.622	13.825
823.935	13.825
824.248	13.825
824.561	13.825
824.875	13.8001
825.188	13.8001
825.501	13.8001
825.814	13.825
826.128	13.85
826.441	13.85
826.754	13.85
827.068	13.85
827.381	13.825
827.694	13.825
828.008	13.825
828.321	13.825
828.634	13.825
828.947	13.825
829.261	13.825
829.574	13.8001
829.887	13.7503
830.201	13.7254
830.514	13.7005
830.827	13.7005
831.14	13.6756
831.454	13.6507
831.767	13.6009
832.08	13.551
832.394	13.5012
832.707	12.9532
833.02	12.8536
833.333	12.7788
833.647	12.6543
833.96	12.5297
834.273	12.4052
834.587	12.2557
834.9	12.0564
835.213	11.8821
835.526	11.7077
835.84	11.5333
836.153	11.334
836.466	11.334
836.779	11.1099
837.093	11.0849
837.406	10.8608
837.719	10.5867
838.033	10.3127
838.346	10.0636
838.659	9.8145
838.972	9.6402
839.286	9.4658
839.599	9.2416
839.912	9.0921
840.226	8.9427
840.539	8.8181
840.852	8.7683
841.165	8.6687
841.479	8.6189
841.792	8.6189
842.105	8.6189
842.418	8.6189
842.732	8.6189
843.045	8.6189
843.358	8.6189
843.672	8.6189
843.985	8.6189
844.298	8.6189
844.611	8.6189
844.925	8.6438
845.238	8.6438
845.551	8.6687
845.865	8.6687
846.178	8.6687
846.491	8.6687
846.804	8.6438
847.118	8.6438
847.431	8.6438
847.744	8.6687
848.058	8.6936
848.371	8.6936
848.684	8.6936
848.997	8.6936
849.311	8.6936
849.624	8.6936
849.937	8.6438
850.251	8.6438
850.564	8.6438
850.877	8.6687
851.191	8.6687
851.504	8.6687
851.817	8.6687
852.13	8.6687
852.444	8.6687
852.757	8.6687
853.07	8.6936
853.384	8.7185
853.697	8.7185
854.01	8.7185
854.323	8.7185
854.637	8.7185
854.95	8.6936
855.263	8.6936
855.576	8.6936
855.89	8.6936
856.203	8.6936
856.516	8.6936
856.83	8.6687
857.143	8.6438
857.456	8.6189
857.769	8.5939
858.083	8.5939
858.396	8.5939
858.709	8.6189
859.023	8.6189
859.336	8.6438
859.649	8.6438
859.962	8.6438
860.276	8.6438
860.589	8.6438
860.902	8.6687
861.216	8.6687
861.529	8.6936
861.842	8.6936
862.155	8.6936
862.469	8.6936
862.782	8.6936
863.095	8.7185
863.409	8.6936
863.722	8.6936
864.035	8.6936
864.348	8.6936
864.662	8.6687
864.975	8.6189
865.288	8.6189
865.601	8.6189
865.915	8.6189
866.228	8.6189
866.541	8.6189
866.855	8.6189
867.168	8.6189
867.481	8.6189
867.794	8.5441
868.108	8.5441
868.421	8.5441
868.734	8.5441
869.048	8.6189
869.361	8.6687
869.674	8.7185
869.987	8.843
870.301	8.9178
870.614	9.0423
870.927	9.2167
871.241	9.3662
871.554	9.5405
871.867	9.8644
872.181	10.1384
872.494	10.3376
872.807	10.6366
873.12	11.1348
873.434	11.3839
873.747	11.8322
874.06	11.8572
874.373	12.0813
874.687	12.4799
875	12.7041
875.313	12.9034
875.627	13.0528
875.94	13.2023
876.253	13.3518
876.566	13.3518
876.88	13.5012
877.193	13.5012
877.506	13.4763
877.819	13.4763
878.133	13.6507
878.446	13.6507
878.759	13.6756
879.073	13.7254
879.386	13.7254
879.699	13.7752
880.013	13.7752
880.326	13.7752
880.639	13.7752
880.952	13.825
881.266	13.825
881.579	13.825
881.892	13.825
882.206	13.825
882.519	13.825
882.832	13.825
883.145	13.825
883.459	13.85
883.772	13.85
884.085	13.8749
884.399	13.8749
884.712	13.8998
885.025	13.8998
885.338	13.8998
885.652	13.8998
885.965	13.8998
886.278	13.9247
886.591	13.9247
886.905	13.9247
887.218	13.8998
887.531	13.8998
887.845	13.8998
888.158	13.8749
888.471	13.8749
888.784	13.8749
889.098	13.8749
889.411	13.8749
889.724	13.85
890.038	13.85
890.351	13.85
890.664	13.85
890.977	13.85
891.291	13.8749
891.604	13.8749
891.917	13.8749
892.231	13.8749
892.544	13.8749
892.857	13.8749
893.17	13.8749
893.484	13.8998
893.797	13.9247
894.11	13.9247
894.424	13.9247
894.737	13.9247
895.05	13.9247
895.363	13.9247
895.677	13.9496
895.99	13.9496
896.303	13.9496
896.616	13.9496
896.93	13.9496
897.243	13.9496
897.556	13.9496
897.87	13.9496
898.183	13.9745
898.496	13.9994
898.809	14.0243
899.123	14.0243
899.436	14.0243
899.749	13.9994
900.063	13.9994
900.376	13.9994
900.689	14.0243
901.003	14.0243
901.316	14.0243
901.629	14.0243
901.942	13.9994
902.256	13.9745
902.569	13.9745
902.882	13.9496
903.196	13.9496
903.509	13.9496
903.822	13.9496
904.135	13.9496
904.449	13.9496
904.762	13.9496
905.075	13.9496
905.389	13.9496
905.702	13.9496
906.015	13.9496
906.328	13.9496
906.642	13.9745
906.955	13.9994
907.268	13.9994
907.582	13.9994
907.895	13.9994
908.208	13.9994
908.521	13.9994
908.835	13.9994
909.148	13.9994
909.461	13.9994
909.774	13.9994
910.088	13.9994
910.401	13.9994
910.714	13.9994
911.028	13.9994
911.341	13.9745
911.654	13.9745
911.967	13.9496
912.281	13.9496
912.594	13.9496
912.907	13.9496
913.221	13.9496
913.534	13.9745
913.847	13.9745
914.16	13.9745
914.474	13.9745
914.787	13.9745
915.1	13.9745
915.413	13.9994
915.727	14.0243
916.04	14.0243
916.353	14.0492
916.667	14.0492
916.98	14.0492
917.293	14.0243
917.606	14.0243
917.92	14.0243
918.233	14.0243
918.546	14.0243
918.86	14.0243
919.173	14.0243
919.486	13.9994
919.799	13.9994
920.113	13.9994
920.426	13.9994
920.739	13.9994
921.053	13.9994
921.366	13.9745
921.679	13.9745
921.992	13.9745
922.306	13.9496
922.619	13.9496
922.932	13.9496
923.246	13.9745
923.559	13.9745
923.872	13.9745
924.186	13.9745
924.499	13.9745
924.812	13.9745
925.125	13.9994
925.439	13.9994
925.752	13.9994
926.065	13.9994
926.378	13.9994
926.692	13.9745
927.005	13.9745
927.318	13.9745
927.632	13.9496
927.945	13.9496
928.258	13.9247
928.571	13.9247
928.885	13.9247
929.198	13.8998
929.511	13.8998
929.825	13.8998
930.138	13.8998
930.451	13.8998
930.764	13.8998
931.078	13.8749
931.391	13.85
931.704	13.825
932.018	13.8001
932.331	13.7503
932.644	13.7254
932.957	13.6756
933.271	13.5759
933.584	13.5261
933.897	12.9532
934.211	12.8536
934.524	12.7539
934.837	12.6294
935.15	12.5048
935.464	12.3554
935.777	12.2059
936.09	12.0564
936.404	11.8821
936.717	11.6828
937.03	11.4835
937.343	11.3091
937.657	11.2842
937.97	11.06
938.283	11.06
938.596	10.8358
938.91	10.5369
939.223	10.2629
939.536	10.0387
939.85	9.8145
940.163	9.6402
940.476	9.4409
940.789	9.3163
941.103	9.1918
941.416	9.0672
941.729	8.9676
942.043	8.868
942.356	8.7932
942.669	8.7932
942.982	8.7932
943.296	8.7932
943.609	8.7932
943.922	8.8181
944.236	8.8181
944.549	8.7932
944.862	8.7683
945.175	8.7683
945.489	8.7683
945.802	8.7683
946.115	8.7683
946.429	8.7932
946.742	8.7932
947.055	8.7932
947.368	8.7683
947.682	8.7683
947.995	8.7683
948.308	8.7683
948.622	8.7683
948.935	8.7932
949.248	8.7932
949.561	8.7932
949.875	8.7683
950.188	8.7683
950.501	8.7683
950.814	8.7683
951.128	8.7683
951.441	8.7434
951.754	8.7434
952.068	8.7434
952.381	8.7434
952.694	8.7185
953.008	8.7185
953.321	8.7185
953.634	8.6936
953.947	8.6936
954.261	8.6936
954.574	8.6936
954.887	8.6936
955.201	8.7185
955.514	8.7185
955.827	8.7434
956.14	8.7683
956.454	8.7683
956.767	8.7683
957.08	8.7683
957.394	8.7683
957.707	8.7683
958.02	8.7683
958.333	8.7683
958.647	8.7683
958.96	8.7683
959.273	8.7683
959.587	8.7683
959.9	8.7434
960.213	8.7434
960.526	8.7185
960.84	8.7185
961.153	8.7185
961.466	8.7185
961.779	8.7434
962.093	8.7434
962.406	8.7434
962.719	8.7434
963.033	8.7185
963.346	8.7185
963.659	8.7185
963.972	8.7434
964.286	8.7683
964.599	8.7683
964.912	8.7683
965.226	8.7683
965.539	8.7683
965.852	8.7683
966.165	8.7434
966.479	8.7434
966.792	8.7434
967.105	8.7434
967.418	8.7434
967.732	8.7185
968.045	8.7185
968.358	8.7185
968.672	8.6687
968.985	8.6438
969.298	8.6438
969.611	8.6438
969.925	8.6687
970.238	8.7185
970.551	8.8181
970.865	8.8929
971.178	9.0174
971.491	9.142
971.804	9.2914
972.118	9.4658
972.431	9.6402
972.744	9.9391
973.058	10.2131
973.371	10.4622
973.684	10.7113
973.997	11.2344
974.311	11.4586
974.624	11.4586
974.937	11.8572
975.251	12.1063
975.564	12.5297
975.877	12.6792
976.191	12.8785
976.504	13.003
976.817	13.1525
977.13	13.3019
977.444	13.3019
977.757	13.4016
978.07	13.5261
978.384	13.5261
978.697	13.7503
979.01	13.7503
979.323	13.7005
979.637	13.7005
979.95	13.7254
980.263	13.7254
980.576	13.8001
980.89	13.8001
981.203	13.825
981.516	13.8749
981.83	13.8749
982.143	13.8749
982.456	13.8749
982.769	13.8749
983.083	13.8749
983.396	13.8749
983.709	13.8749
984.023	13.8998
984.336	13.8998
984.649	13.8998
984.962	13.8998
985.276	13.8998
985.589	13.8998
985.902	13.8998
986.216	13.8998
986.529	13.8998
986.842	13.8998
987.155	13.8998
987.469	13.8749
987.782	13.8749
988.095	13.8749
988.409	13.8749
988.722	13.8998
989.035	13.8998
989.348	13.8998
989.662	13.8998
989.975	13.8998
990.288	13.8998
990.601	13.8998
990.915	13.8998
991.228	13.8998
991.541	13.8998
991.855	13.9247
992.168	13.9247
992.481	13.9247
992.794	13.9247
993.108	13.9247
993.421	13.9247
993.734	13.9496
994.048	13.9496
994.361	13.9496
994.674	13.9496
994.987	13.9496
995.301	13.9745
995.614	13.9745
995.927	13.9994
996.241	13.9994
996.554	13.9994
996.867	13.9994
997.181	13.9994
997.494	13.9994
997.807	13.9994
998.12	13.9994
998.434	13.9994
998.747	14.0243
999.06	14.0243
999.373	14.0243
999.687	14.0243
1000	14.0243
1000.31	14.0243
1000.63	14.0243
1000.94	14.0492
1001.25	14.0492
1001.57	14.0492
1001.88	14.0492
1002.19	14.0492
1002.51	14.0492
1002.82	14.0492
1003.13	14.0492
1003.45	14.0243
1003.76	14.0243
1004.07	14.0243
1004.39	13.9994
1004.7	13.9994
1005.01	13.9994
1005.33	13.9994
1005.64	14.0243
1005.95	14.0243
1006.27	14.0243
1006.58	14.0243
1006.89	13.9994
1007.21	13.9994
1007.52	13.9994
1007.83	13.9994
1008.15	14.0243
1008.46	14.0243
1008.77	14.0243
1009.09	14.0243
1009.4	14.0243
1009.71	14.0243
1010.03	14.0243
1010.34	14.0243
1010.65	14.0243
1010.96	14.0492
1011.28	14.0741
1011.59	14.0741
1011.9	14.0741
1012.22	14.0741
1012.53	14.0741
1012.84	14.0741
1013.16	14.0741
1013.47	14.0741
1013.78	14.0741
1014.1	14.0741
1014.41	14.0741
1014.72	14.0492
1015.04	14.0243
1015.35	14.0243
1015.66	14.0243
1015.98	14.0243
1016.29	14.0492
1016.6	14.0492
1016.92	14.0492
1017.23	14.0243
1017.54	14.0243
1017.86	13.9994
1018.17	13.9994
1018.48	13.9745
1018.8	13.9745
1019.11	13.9745
1019.42	13.9745
1019.74	13.9496
1020.05	13.9496
1020.36	13.9496
1020.68	13.9745
1020.99	13.9745
1021.3	13.9745
1021.62	13.9994
1021.93	13.9994
1022.24	13.9994
1022.56	14.0243
1022.87	14.0243
1023.18	14.0243
1023.5	14.0243
1023.81	14.0243
1024.12	14.0243
1024.44	13.9994
1024.75	13.9745
1025.06	13.9745
1025.38	13.9745
1025.69	13.9745
1026	13.9745
1026.32	13.9745
1026.63	13.9496
1026.94	13.9496
1027.26	13.9496
1027.57	13.9247
1027.88	13.9247
1028.2	13.9496
1028.51	13.9496
1028.82	13.9496
1029.14	13.9496
1029.45	13.9496
1029.76	13.9247
1030.08	13.9247
1030.39	13.9247
1030.7	13.9247
1031.02	13.9247
1031.33	13.8998
1031.64	13.8998
1031.95	13.85
1032.27	13.8001
1032.58	13.7254
1032.89	13.6507
1033.21	13.6009
1033.52	13.5261
1033.83	13.4514
1034.15	12.8785
1034.46	12.7539
1034.77	12.6294
1035.09	12.4799
1035.4	12.3304
1035.71	12.181
1036.03	11.9568
1036.34	11.7824
1036.65	11.6081
1036.97	11.3839
1037.28	11.1597
1037.59	10.9106
1037.91	10.8857
1038.22	10.6615
1038.53	10.6117
1038.85	10.3626
1039.16	10.1135
1039.47	9.8644
1039.79	9.6651
1040.1	9.4907
1040.41	9.3662
1040.73	9.1918
1041.04	9.0672
1041.35	8.9925
1041.67	8.9178
1041.98	8.843
1042.29	8.7932
1042.61	8.7932
1042.92	8.7932
1043.23	8.7932
1043.55	8.7932
1043.86	8.7932
1044.17	8.7932
1044.49	8.7683
1044.8	8.7683
1045.11	8.7683
1045.43	8.7185
1045.74	8.7185
1046.05	8.7185
1046.37	8.7185
1046.68	8.7185
1046.99	8.7185
1047.31	8.6936
1047.62	8.6936
1047.93	8.6936
1048.25	8.7434
1048.56	8.7434
1048.87	8.7434
1049.19	8.7434
1049.5	8.7434
1049.81	8.7434
1050.13	8.7434
1050.44	8.7434
1050.75	8.7683
1051.07	8.7683
1051.38	8.7683
1051.69	8.7683
1052.01	8.7683
1052.32	8.7683
1052.63	8.7683
1052.94	8.7683
1053.26	8.7932
1053.57	8.8181
1053.88	8.8181
1054.2	8.8181
1054.51	8.8181
1054.82	8.7932
1055.14	8.7932
1055.45	8.7932
1055.76	8.7932
1056.08	8.7932
1056.39	8.7932
1056.7	8.7932
1057.02	8.7932
1057.33	8.7683
1057.64	8.7683
1057.96	8.7683
1058.27	8.7683
1058.58	8.7683
1058.9	8.7683
1059.21	8.7683
1059.52	8.7683
1059.84	8.7683
1060.15	8.7683
1060.46	8.7683
1060.78	8.7932
1061.09	8.7932
1061.4	8.8181
1061.72	8.8181
1062.03	8.8181
1062.34	8.8181
1062.66	8.8181
1062.97	8.8181
1063.28	8.843
1063.6	8.868
1063.91	8.8929
1064.22	8.8929
1064.54	8.8929
1064.85	8.868
1065.16	8.8181
1065.48	8.7932
1065.79	8.7932
1066.1	8.7932
1066.42	8.8181
1066.73	8.8181
1067.04	8.8181
1067.36	8.7932
1067.67	8.7683
1067.98	8.7683
1068.3	8.7434
1068.61	8.7434
1068.92	8.7185
1069.24	8.6936
1069.55	8.6936
1069.86	8.6936
1070.18	8.6936
1070.49	8.7434
1070.8	8.7932
1071.12	8.8929
1071.43	8.9925
1071.74	9.0921
1072.06	9.2416
1072.37	9.4409
1072.68	9.6153
1072.99	9.8644
1073.31	10.1384
1073.62	10.3626
1073.93	10.6366
1074.25	10.8857
1074.56	11.1099
1074.87	11.359
1075.19	12.0315
1075.5	12.2308
1075.81	12.455
1076.13	12.6294
1076.44	12.8286
1076.75	12.9781
1077.07	13.1276
1077.38	13.277
1077.69	13.4016
1078.01	13.5012
1078.32	13.6009
1078.63	13.6009
1078.95	13.6009
1079.26	13.6009
1079.57	13.6009
1079.89	13.6009
1080.2	13.6507
1080.51	13.7254
1080.83	13.7503
1081.14	13.8001
1081.45	13.825
1081.77	13.8749
1082.08	13.8998
1082.39	13.8998
1082.71	13.8998
1083.02	13.8998
1083.33	13.8998
1083.65	13.8998
1083.96	13.8998
1084.27	13.9247
1084.59	13.9247
1084.9	13.9247
1085.21	13.9247
1085.53	13.9247
1085.84	13.9496
1086.15	13.9496
1086.47	13.9496
1086.78	13.9745
1087.09	13.9745
1087.41	13.9994
1087.72	13.9994
1088.03	13.9994
1088.35	14.0243
1088.66	14.0243
1088.97	14.0243
1089.29	14.0243
1089.6	14.0243
1089.91	14.0243
1090.23	14.0243
1090.54	14.0243
1090.85	13.9994
1091.17	13.9994
1091.48	13.9994
1091.79	13.9994
1092.11	13.9745
1092.42	13.9745
1092.73	13.9745
1093.05	13.9745
1093.36	13.9745
1093.67	13.9745
1093.98	13.9745
1094.3	13.9745
1094.61	13.9745
1094.92	13.9745
1095.24	13.9745
1095.55	13.9994
1095.86	13.9994
1096.18	13.9994
1096.49	13.9994
1096.8	13.9994
1097.12	13.9994
1097.43	13.9745
1097.74	13.9745
1098.06	13.9745
1098.37	13.9745
1098.68	13.9745
1099	13.9745
1099.31	13.9745
1099.62	13.9496
1099.94	13.9496
1100.25	13.9496
1100.56	13.9745
1100.88	13.9745
1101.19	13.9994
1101.5	14.0243
1101.82	14.0243
1102.13	14.0243
1102.44	14.0243
1102.76	14.0243
1103.07	14.0741
1103.38	14.0741
1103.7	14.0991
1104.01	14.0991
1104.32	14.0991
1104.64	14.0991
1104.95	14.0741
1105.26	14.0492
1105.58	14.0492
1105.89	14.0492
1106.2	14.0492
1106.52	14.0492
1106.83	14.0492
1107.14	14.0492
1107.46	14.0243
1107.77	13.9994
1108.08	13.9745
1108.4	13.9745
1108.71	13.9745
1109.02	13.9745
1109.34	13.9994
1109.65	13.9994
1109.96	13.9994
1110.28	13.9994
1110.59	13.9994
1110.9	13.9994
1111.22	14.0243
1111.53	14.0243
1111.84	14.0243
1112.16	14.0492
1112.47	14.0492
1112.78	14.0492
1113.1	14.0492
1113.41	14.0492
1113.72	14.0492
1114.04	14.0492
1114.35	14.0492
1114.66	14.0492
1114.97	14.0243
1115.29	13.9745
1115.6	13.9745
1115.91	13.9745
1116.23	13.9745
1116.54	13.9745
1116.85	13.9496
1117.17	13.9496
1117.48	13.9496
1117.79	13.9496
1118.11	13.9496
1118.42	13.9496
1118.73	13.9496
1119.05	13.9496
1119.36	13.9496
1119.67	13.9496
1119.99	13.9496
1120.3	13.9496
1120.61	13.9496
1120.93	13.9496
1121.24	13.9496
1121.55	13.9247
1121.87	13.9247
1122.18	13.9247
1122.49	13.9247
1122.81	13.9247
1123.12	13.9247
1123.43	13.9247
1123.75	13.9496
1124.06	13.9496
1124.37	13.9496
1124.69	13.9496
1125	13.9496
1125.31	13.9496
1125.63	13.9745
1125.94	13.9745
1126.25	13.9745
1126.57	13.9745
1126.88	13.9496
1127.19	13.9496
1127.51	13.9496
1127.82	13.9247
1128.13	13.9247
1128.45	13.9247
1128.76	13.9496
1129.07	13.9496
1129.39	13.9496
1129.7	13.9247
1130.01	13.9247
1130.33	13.9247
1130.64	13.9496
1130.95	13.9496
1131.27	13.9496
1131.58	13.9496
1131.89	13.9496
1132.21	13.8998
1132.52	13.8749
1132.83	13.825
1133.15	13.7752
1133.46	13.7503
1133.77	13.6756
1134.09	13.6009
1134.4	13.551
1134.71	12.9532
1135.03	12.8536
1135.34	12.729
1135.65	12.5795
1135.96	12.455
1136.28	12.3304
1136.59	12.181
1136.9	12.0315
1137.22	11.8322
1137.53	11.6579
1137.84	11.4586
1138.16	11.2593
1138.47	11.2593
1138.78	11.0351
1139.1	11.0351
1139.41	10.786
1139.72	10.512
1140.04	10.2878
1140.35	10.0138
1140.66	9.8145
1140.98	9.6402
1141.29	9.4658
1141.6	9.2914
1141.92	9.1171
1142.23	8.9925
1142.54	8.9427
1142.86	8.843
1143.17	8.7932
1143.48	8.7683
1143.8	8.7683
1144.11	8.7683
1144.42	8.7683
1144.74	8.7683
1145.05	8.7683
1145.36	8.7683
1145.68	8.7683
1145.99	8.7434
1146.3	8.7434
1146.62	8.7185
1146.93	8.7185
1147.24	8.7185
1147.56	8.7185
1147.87	8.7185
1148.18	8.7185
1148.5	8.7434
1148.81	8.7683
1149.12	8.7683
1149.44	8.7683
1149.75	8.7683
1150.06	8.7683
1150.38	8.7932
1150.69	8.7932
1151	8.7932
1151.32	8.8181
1151.63	8.8181
1151.94	8.8181
1152.26	8.8181
1152.57	8.8181
1152.88	8.8181
1153.2	8.7932
1153.51	8.7932
1153.82	8.7932
1154.14	8.7932
1154.45	8.7683
1154.76	8.7683
1155.08	8.7683
1155.39	8.7683
1155.7	8.7683
1156.02	8.7683
1156.33	8.7434
1156.64	8.7185
1156.95	8.7185
1157.27	8.7185
1157.58	8.7185
1157.89	8.7185
1158.21	8.7185
1158.52	8.7185
1158.83	8.7185
1159.15	8.7185
1159.46	8.7185
1159.77	8.7185
1160.09	8.7185
1160.4	8.7185
1160.71	8.7434
1161.03	8.7434
1161.34	8.7434
1161.65	8.7434
1161.97	8.7683
1162.28	8.7683
1162.59	8.7683
1162.91	8.7683
1163.22	8.7683
1163.53	8.7683
1163.85	8.7683
1164.16	8.7683
1164.47	8.7932
1164.79	8.7932
1165.1	8.8181
1165.41	8.8181
1165.73	8.7932
1166.04	8.7932
1166.35	8.7932
1166.67	8.7932
1166.98	8.7683
1167.29	8.7683
1167.61	8.7434
1167.92	8.7434
1168.23	8.6936
1168.55	8.6936
1168.86	8.6936
1169.17	8.6687
1169.49	8.6189
1169.8	8.6189
1170.11	8.6189
1170.43	8.6438
1170.74	8.6936
1171.05	8.7683
1171.37	8.868
1171.68	8.9925
1171.99	9.0921
1172.31	9.2914
1172.62	9.4658
1172.93	9.6402
1173.25	9.8893
1173.56	10.1633
1173.87	10.4124
1174.19	10.7113
1174.5	11.1846
1174.81	11.4088
1175.13	11.4337
1175.44	11.8322
1175.75	12.0813
1176.07	12.5297
1176.38	12.6543
1176.69	12.8536
1177.01	13.0279
1177.32	13.1774
1177.63	13.277
1177.94	13.277
1178.26	13.4016
1178.57	13.5012
1178.88	13.5012
1179.2	13.7005
1179.51	13.7005
1179.82	13.6258
1180.14	13.6258
1180.45	13.6756
1180.76	13.6756
1181.08	13.7254
1181.39	13.7752
1181.7	13.825
1182.02	13.8749
1182.33	13.8749
1182.64	13.8998
1182.96	13.8998
1183.27	13.8998
1183.58	13.8998
1183.9	13.8998
1184.21	13.8998
1184.52	13.8998
1184.84	13.8998
1185.15	13.8998
1185.46	13.8749
1185.78	13.8749
1186.09	13.8749
1186.4	13.8749
1186.72	13.8749
1187.03	13.8749
1187.34	13.8998
1187.66	13.8998
1187.97	13.8998
1188.28	13.8998
1188.6	13.8998
1188.91	13.8998
1189.22	13.8998
1189.54	13.8998
1189.85	13.8998
1190.16	13.8998
1190.48	13.8998
1190.79	13.9496
1191.1	13.9496
1191.42	13.9496
1191.73	13.9994
1192.04	14.0243
1192.36	14.0243
1192.67	14.0243
1192.98	14.0243
1193.3	14.0243
1193.61	14.0243
1193.92	14.0243
1194.24	14.0243
1194.55	14.0243
1194.86	14.0243
1195.18	14.0243
1195.49	13.9994
1195.8	13.9994
1196.12	13.9745
1196.43	13.9745
1196.74	13.9994
1197.06	13.9994
1197.37	13.9994
1197.68	13.9994
1197.99	13.9994
1198.31	13.9994
1198.62	13.9496
1198.93	13.9496
1199.25	13.9496
1199.56	13.9247
1199.87	13.9247
1200.19	13.8998
1200.5	13.8998
1200.81	13.8998
1201.13	13.8998
1201.44	13.9247
1201.75	13.9247
1202.07	13.9247
1202.38	13.9247
1202.69	13.9247
1203.01	13.9247
1203.32	13.9247
1203.63	13.9496
1203.95	13.9745
1204.26	13.9745
1204.57	13.9745
1204.89	13.9745
1205.2	13.9745
1205.51	13.9745
1205.83	13.9247
1206.14	13.9247
1206.45	13.9247
1206.77	13.9496
1207.08	13.9496
1207.39	13.9496
1207.71	13.9496
1208.02	13.9247
1208.33	13.8998
1208.65	13.8998
1208.96	13.8998
1209.27	13.8998
1209.59	13.8998
1209.9	13.9247
1210.21	13.9496
1210.53	13.9496
1210.84	13.9496
1211.15	13.9496
1211.47	13.9496
1211.78	13.9496
1212.09	13.9745
1212.41	13.9745
1212.72	13.9745
1213.03	13.9745
1213.35	13.9496
1213.66	13.9496
1213.97	13.9496
1214.29	13.9496
1214.6	13.9496
1214.91	13.9247
1215.23	13.9247
1215.54	13.9247
1215.85	13.9247
1216.17	13.8998
1216.48	13.8998
1216.79	13.8998
1217.11	13.8998
1217.42	13.8998
1217.73	13.9247
1218.05	13.9247
1218.36	13.9247
1218.67	13.9247
1218.98	13.9247
1219.3	13.9247
1219.61	13.9247
1219.92	13.9247
1220.24	13.9496
1220.55	13.9496
1220.86	13.9496
1221.18	13.9496
1221.49	13.9496
1221.8	13.9496
1222.12	13.9496
1222.43	13.9496
1222.74	13.9496
1223.06	13.9496
1223.37	13.9496
1223.68	13.9496
1224	13.9496
1224.31	13.9496
1224.62	13.9496
1224.94	13.9745
1225.25	13.9745
1225.56	13.9745
1225.88	13.9745
1226.19	13.9745
1226.5	13.9745
1226.82	13.9745
1227.13	13.9745
1227.44	13.9745
1227.76	13.9496
1228.07	13.9496
1228.38	13.9496
1228.7	13.9496
1229.01	13.9496
1229.32	13.9496
1229.64	13.9496
1229.95	13.9496
1230.26	13.9496
1230.58	13.9496
1230.89	13.9496
1231.2	13.9496
1231.52	13.9496
1231.83	13.9496
1232.14	13.9496
1232.46	13.9247
1232.77	13.8998
1233.08	13.8749
1233.4	13.85
1233.71	13.8001
1234.02	13.7254
1234.34	13.6756
1234.65	13.6507
1234.96	13.5759
1235.28	13.5261
1235.59	13.4514
1235.9	13.3767
1236.22	12.8037
1236.53	12.6792
1236.84	12.5795
1237.16	12.455
1237.47	12.3055
1237.78	12.1561
1238.1	11.9817
1238.41	11.8322
1238.72	11.633
1239.04	11.4586
1239.35	11.2593
1239.66	11.0351
1239.97	11.0102
1240.29	10.786
1240.6	10.786
1240.91	10.4871
1241.23	10.2878
1241.54	10.0636
1241.85	9.8644
1242.17	9.69
1242.48	9.5156
1242.79	9.3412
1243.11	9.2167
1243.42	9.0921
1243.73	9.0174
1244.05	8.9178
1244.36	8.868
1244.67	8.843
1244.99	8.843
1245.3	8.8181
1245.61	8.7932
1245.93	8.7932
1246.24	8.7932
1246.55	8.7932
1246.87	8.7932
1247.18	8.7932
1247.49	8.7434
1247.81	8.7434
1248.12	8.7434
1248.43	8.7434
1248.75	8.7434
1249.06	8.7434
1249.37	8.7434
1249.69	8.7434
1250	8.7434
1250.31	8.7434
1250.63	8.7434
1250.94	8.7185
1251.25	8.7185
1251.57	8.7185
1251.88	8.7185
1252.19	8.7185
1252.51	8.7185
1252.82	8.6936
1253.13	8.6936
1253.45	8.6936
1253.76	8.6936
1254.07	8.6936
1254.39	8.6936
1254.7	8.6936
1255.01	8.6936
1255.33	8.7185
1255.64	8.7185
1255.95	8.7185
1256.27	8.7434
1256.58	8.7683
1256.89	8.7683
1257.21	8.7932
1257.52	8.7932
1257.83	8.7932
1258.15	8.7932
1258.46	8.7932
1258.77	8.7932
1259.09	8.7932
1259.4	8.7932
1259.71	8.7683
1260.03	8.7683
1260.34	8.7434
1260.65	8.7185
1260.96	8.6936
1261.28	8.6936
1261.59	8.6936
1261.9	8.6936
1262.22	8.6936
1262.53	8.6936
1262.84	8.6936
1263.16	8.6936
1263.47	8.6936
1263.78	8.6936
1264.1	8.6936
1264.41	8.7185
1264.72	8.7434
1265.04	8.7434
1265.35	8.7434
1265.66	8.7185
1265.98	8.7185
1266.29	8.7185
1266.6	8.7434
1266.92	8.7683
1267.23	8.7683
1267.54	8.7683
1267.86	8.7683
1268.17	8.7683
1268.48	8.7683
1268.8	8.7683
1269.11	8.7683
1269.42	8.7683
1269.74	8.7683
1270.05	8.7683
1270.36	8.7683
1270.68	8.7683
1270.99	8.7185
1271.3	8.7185
1271.62	8.7185
1271.93	8.7185
1272.24	8.7683
1272.56	8.843
1272.87	8.8929
1273.18	8.9925
1273.5	9.1171
1273.81	9.2416
1274.12	9.4409
1274.44	9.6153
1274.75	9.8145
1275.06	10.0885
1275.38	10.3376
1275.69	10.5618
1276	10.8109
1276.32	11.2593
1276.63	11.5084
1276.94	11.9568
1277.26	11.9817
1277.57	12.2059
1277.88	12.6045
1278.2	12.7788
1278.51	12.9283
1278.82	13.0528
1279.14	13.2272
1279.45	13.3767
1279.76	13.3767
1280.08	13.4763
1280.39	13.4763
1280.7	13.4016
1281.02	13.4016
1281.33	13.551
1281.64	13.551
1281.95	13.6258
1282.27	13.7005
1282.58	13.7005
1282.89	13.7254
