Length	Amplitude	
0	-0.641386
0.3133	-1.30739
0.6266	-1.50422
0.9398	-1.28646
1.2531	-0.666681
1.5664	-0.415264
1.8797	-0.410261
2.193	-0.430248
2.5063	-0.4025
2.8195	-0.346569
3.1328	-0.355175
3.4461	-0.330823
3.7594	-0.267819
4.0727	-0.259572
4.386	-0.20374
4.6992	-0.179804
5.0125	-0.142856
5.3258	-0.14215
5.6391	-0.144534
5.9524	-0.090679
6.2657	-0.0420244
6.5789	0.0150739
6.8922	0.0276453
7.2055	0.0587568
7.5188	0.0586002
7.8321	0.097228
8.1454	0.166479
8.4586	0.169526
8.7719	0.202299
9.0852	0.249028
9.3985	0.270728
9.7118	0.25376
10.0251	0.266401
10.3383	0.267959
10.6516	0.269664
10.9649	0.267133
11.2782	0.284943
11.5915	0.273535
11.9048	0.28894
12.218	0.257156
12.5313	0.2169
12.8446	0.202276
13.1579	0.196003
13.4712	0.153136
13.7845	0.155272
14.0977	0.160411
14.411	0.144768
14.7243	0.106825
15.0376	0.105346
15.3509	0.0498865
15.6642	0.0370842
15.9774	0.0324856
16.2907	0.00256509
16.604	0.00209232
16.9173	-0.0403872
17.2306	-0.0653056
17.5439	-0.110889
17.8571	-0.160427
18.1704	-0.210861
18.4837	-0.225851
18.797	-0.220092
19.1103	-0.268079
19.4236	-0.292995
19.7368	-0.309108
20.0501	-0.334322
20.3634	-0.329717
20.6767	-0.361558
20.99	-0.342142
21.3033	-0.334775
21.6165	-0.367548
21.9298	-0.464771
22.2431	-0.778523
22.5564	-0.914448
22.8697	-0.935568
23.183	-0.934155
23.4962	-0.964403
23.8095	-1.00848
24.1228	-1.07012
24.4361	-1.13089
24.7494	-1.17705
25.0627	-1.24918
25.3759	-1.29004
25.6892	-1.27775
26.0025	-1.27448
26.3158	-1.28085
26.6291	-1.28587
26.9424	-1.27673
27.2556	-1.34449
27.5689	-1.43855
27.8822	-1.56932
28.1955	-1.69867
28.5088	-1.86676
28.8221	-2.01931
29.1353	-2.19682
29.4486	-2.33603
29.7619	-2.48856
30.0752	-2.66117
30.3885	-2.76992
30.7018	-2.83222
31.015	-2.87349
31.3283	-2.94904
31.6416	-3.00912
31.9549	-3.01273
32.2682	-3.02314
32.5815	-2.99817
32.8947	-2.92339
33.208	-2.83558
33.5213	-2.74117
33.8346	-2.66688
34.1479	-2.603
34.4612	-2.54818
34.7744	-2.48986
35.0877	-2.42534
35.401	-2.39931
35.7143	-2.34308
36.0276	-2.28747
36.3409	-2.25132
36.6541	-2.21648
36.9674	-2.20319
37.2807	-2.19423
37.594	-2.17562
37.9073	-2.15179
38.2206	-2.13059
38.5338	-2.13092
38.8471	-2.14011
39.1604	-2.10944
39.4737	-2.10445
39.787	-2.10389
40.1003	-2.13302
40.4135	-2.14276
40.7268	-2.14475
41.0401	-2.12935
41.3534	-2.12813
41.6667	-2.13575
41.9799	-2.15941
42.2932	-2.17666
42.6065	-2.20158
42.9198	-2.25727
43.2331	-2.23723
43.5464	-2.27794
43.8596	-2.30707
44.1729	-2.334
44.4862	-2.36832
44.7995	-2.39941
45.1128	-2.43645
45.4261	-2.46543
45.7393	-2.46921
46.0526	-2.4822
46.3659	-2.46056
46.6792	-2.4695
46.9925	-2.4749
47.3058	-2.49891
47.619	-2.51021
47.9323	-2.49058
48.2456	-2.49821
48.5589	-2.4624
48.8722	-2.43748
49.1855	-2.44505
49.4987	-2.44607
49.812	-2.44187
50.1253	-2.44566
50.4386	-2.40967
50.7519	-2.37317
51.0652	-2.35877
51.3784	-2.32731
51.6917	-2.29986
52.005	-2.24688
52.3183	-2.24055
52.6316	-2.19121
52.9449	-2.11098
53.2581	-2.09032
53.5714	-2.03529
53.8847	-1.99026
54.198	-1.92707
54.5113	-1.87832
54.8246	-1.84734
55.1378	-1.82498
55.4511	-1.78852
55.7644	-1.76656
56.0777	-1.75362
56.391	-1.69598
56.7043	-1.67722
57.0175	-1.63842
57.3308	-1.61874
57.6441	-1.57777
57.9574	-1.53647
58.2707	-1.53119
58.584	-1.52277
58.8972	-1.50336
59.2105	-1.50174
59.5238	-1.48877
59.8371	-1.47356
60.1504	-1.45946
60.4637	-1.44638
60.7769	-1.4128
61.0902	-1.27654
61.4035	-1.20044
61.7168	-1.11249
62.0301	-0.993424
62.3434	-0.867257
62.6566	-0.754525
62.9699	-0.520325
63.2832	-0.333955
63.5965	-0.135633
63.9098	0.109287
64.2231	0.266102
64.5363	0.456392
64.8496	0.628763
65.1629	0.776593
65.4762	0.977351
65.7895	1.19715
66.1028	1.3687
66.416	1.45582
66.7293	1.57987
67.0426	1.69758
67.3559	1.76142
67.6692	1.90473
67.9825	1.97237
68.2957	2.02209
68.609	2.0573
68.9223	2.07534
69.2356	2.02471
69.5489	1.9798
69.8622	1.98464
70.1754	1.96976
70.4887	1.95095
70.802	1.82787
71.1153	1.59619
71.4286	1.51141
71.7419	1.49744
72.0551	1.44956
72.3684	1.41527
72.6817	1.36716
72.995	1.30457
73.3083	1.2626
73.6216	1.23589
73.9348	1.21533
74.2481	1.16273
74.5614	1.14523
74.8747	1.12181
75.188	1.08699
75.5013	1.09073
75.8145	1.09436
76.1278	1.1074
76.4411	1.10512
76.7544	1.08702
77.0677	1.07453
77.381	1.09243
77.6942	1.09374
78.0075	1.08194
78.3208	1.10811
78.6341	1.13569
78.9474	1.16029
79.2607	1.16218
79.5739	1.14
79.8872	1.16442
80.2005	1.17982
80.5138	1.23016
80.8271	1.27043
81.1404	1.28329
81.4536	1.31919
81.7669	1.3248
82.0802	1.34076
82.3935	1.35162
82.7068	1.33466
83.0201	1.34647
83.3333	1.38266
83.6466	1.37932
83.9599	1.37171
84.2732	1.37701
84.5865	1.37713
84.8997	1.38033
85.213	1.35594
85.5263	1.31129
85.8396	1.30981
86.1529	1.28486
86.4662	1.27456
86.7794	1.26312
87.0927	1.23398
87.406	1.18242
87.7193	1.11777
88.0326	1.08449
88.3459	1.07938
88.6591	1.02255
88.9724	0.978992
89.2857	0.936324
89.599	0.866005
89.9123	0.835555
90.2256	0.774433
90.5388	0.743117
90.8521	0.709255
91.1654	0.616192
91.4787	0.542578
91.792	0.46108
92.1053	0.41329
92.4185	0.308022
92.7318	0.227369
93.0451	0.145785
93.3584	0.0894684
93.6717	-0.0168327
93.985	-0.06262
94.2982	-0.134479
94.6115	-0.218784
94.9248	-0.281298
95.2381	-0.374721
95.5514	-0.452048
95.8647	-0.52693
96.1779	-0.591416
96.4912	-0.636287
96.8045	-0.658551
97.1178	-0.696922
97.4311	-0.771704
97.7444	-0.819617
98.0576	-0.864271
98.3709	-0.892257
98.6842	-0.904536
98.9975	-0.926973
99.3108	-0.943552
99.6241	-0.932192
99.9373	-0.91339
100.251	-0.907202
100.564	-0.931241
100.877	-0.915002
101.191	-0.951517
101.504	-0.90437
101.817	-0.870902
102.13	-0.859851
102.444	-0.839078
102.757	-0.828143
103.07	-0.810432
103.383	-0.767854
103.697	-0.753762
104.01	-0.704139
104.323	-0.65715
104.637	-0.633748
104.95	-0.564097
105.263	-0.515241
105.576	-0.428961
105.89	-0.396658
106.203	-0.362572
106.516	-0.265515
106.83	-0.209355
107.143	-0.175833
107.456	-0.10122
107.769	-0.0743251
108.083	-0.0390224
108.396	-0.00734503
108.709	0.0187798
109.023	0.0724404
109.336	0.0747341
109.649	0.0944567
109.962	0.0947368
110.276	0.143456
110.589	0.155416
110.902	0.180878
111.216	0.201009
111.529	0.242696
111.842	0.22495
112.155	0.272724
112.469	0.289878
112.782	0.301495
113.095	0.304067
113.409	0.303482
113.722	0.317344
114.035	0.338966
114.348	0.326492
114.662	0.31828
114.975	0.284886
115.288	0.26095
115.602	0.224094
115.915	0.219473
116.228	0.188332
116.541	0.187985
116.855	0.179252
117.168	0.148249
117.481	0.154704
117.794	0.146321
118.108	0.133366
118.421	0.0987214
118.734	0.10618
119.048	0.141556
119.361	0.0891388
119.674	0.115869
119.987	0.106214
120.301	0.0854318
120.614	0.0845264
120.927	0.0680509
121.241	0.110399
121.554	0.134928
121.867	0.151493
122.18	0.150185
122.494	0.100136
122.807	-0.0333623
123.12	-0.294367
123.434	-0.413038
123.747	-0.478685
124.06	-0.473266
124.373	-0.470949
124.687	-0.517406
125	-0.561177
125.313	-0.637812
125.627	-0.701046
125.94	-0.751577
126.253	-0.703299
126.566	-0.702347
126.88	-0.767997
127.193	-0.742225
127.506	-0.80876
127.82	-0.802884
128.133	-0.828343
128.446	-0.928744
128.759	-1.05031
129.073	-1.2047
129.386	-1.31777
129.699	-1.46142
130.012	-1.62325
130.326	-1.73442
130.639	-1.83388
130.952	-1.91714
131.266	-1.92577
131.579	-1.98472
131.892	-2.04632
132.206	-2.04345
132.519	-2.05323
132.832	-2.01705
133.145	-1.9588
133.459	-1.83197
133.772	-1.72227
134.085	-1.61172
134.399	-1.5043
134.712	-1.42864
135.025	-1.36916
135.338	-1.28682
135.652	-1.21795
135.965	-1.11975
136.278	-1.05444
136.591	-0.973364
136.905	-0.927787
137.218	-0.855682
137.531	-0.815102
137.845	-0.776751
138.158	-0.73746
138.471	-0.716661
138.785	-0.673794
139.098	-0.643917
139.411	-0.628435
139.724	-0.62882
140.038	-0.647125
140.351	-0.612213
140.664	-0.617941
140.977	-0.619776
141.291	-0.614972
141.604	-0.619154
141.917	-0.614968
142.231	-0.638475
142.544	-0.646217
142.857	-0.62988
143.17	-0.672785
143.484	-0.694873
143.797	-0.719891
144.11	-0.744577
144.424	-0.763417
144.737	-0.771525
145.05	-0.80799
145.363	-0.853569
145.677	-0.870429
145.99	-0.903803
146.303	-0.932675
146.617	-0.931726
146.93	-0.974078
147.243	-1.00879
147.556	-1.01258
147.87	-1.03838
148.183	-1.01647
148.496	-1.00128
148.81	-1.01299
149.123	-1.04361
149.436	-1.0384
149.749	-1.04921
150.063	-1.04819
150.376	-1.04956
150.689	-1.04619
151.002	-1.04485
151.316	-1.02333
151.629	-0.988656
151.942	-1.00501
152.256	-1.01392
152.569	-0.991859
152.882	-0.985081
153.196	-0.975621
153.509	-0.949701
153.822	-0.956195
154.135	-0.910602
154.449	-0.875772
154.762	-0.878484
155.075	-0.856255
155.388	-0.818444
155.702	-0.826817
156.015	-0.804582
156.328	-0.806785
156.642	-0.804117
156.955	-0.79822
157.268	-0.768339
157.582	-0.788509
157.895	-0.813446
158.208	-0.81107
158.521	-0.82402
158.835	-0.865148
159.148	-0.8745
159.461	-0.878025
159.774	-0.913226
160.088	-0.968855
160.401	-1.06256
160.714	-1.08586
161.028	-1.0951
161.341	-1.0635
161.654	-1.04581
161.967	-1.0295
162.281	-0.966703
162.594	-0.904222
162.907	-0.83777
163.221	-0.738584
163.534	-0.625765
163.847	-0.486067
164.16	-0.287784
164.474	-0.136781
164.787	0.0169754
165.1	0.186483
165.413	0.314214
165.727	0.433777
166.04	0.55196
166.353	0.647412
166.667	0.776304
166.98	1.00743
167.293	1.27388
167.607	1.43946
167.92	1.52361
168.233	1.54407
168.546	1.52223
168.86	1.53368
169.173	1.54025
169.486	1.50078
169.799	1.50464
170.113	1.50534
170.426	1.42029
170.739	1.35976
171.053	1.23193
171.366	1.03188
171.679	0.903183
171.993	0.888695
172.306	0.785755
172.619	0.716018
172.932	0.673982
173.246	0.62584
173.559	0.56039
173.872	0.503495
174.185	0.468411
174.499	0.404921
174.812	0.349244
175.125	0.296373
175.439	0.24596
175.752	0.233777
176.065	0.19991
176.378	0.171051
176.692	0.167671
177.005	0.129454
177.318	0.122605
177.632	0.118698
177.945	0.126169
178.258	0.119939
178.571	0.109385
178.885	0.112639
179.198	0.126389
179.511	0.148809
179.825	0.148772
180.138	0.172351
180.451	0.163335
180.764	0.155773
181.078	0.162912
181.391	0.167047
181.704	0.187638
182.018	0.2083
182.331	0.239486
182.644	0.252121
182.957	0.278117
183.271	0.290742
183.584	0.309111
183.897	0.301752
184.21	0.314384
184.524	0.360956
184.837	0.411064
185.15	0.392638
185.464	0.38563
185.777	0.411985
186.09	0.44083
186.404	0.414038
186.717	0.392115
187.03	0.409157
187.343	0.375492
187.657	0.358956
187.97	0.326819
188.283	0.30743
188.596	0.297006
188.91	0.24709
189.223	0.173978
189.536	0.165527
189.85	0.104771
190.163	0.0813518
190.476	0.0209686
190.79	-0.0334558
191.103	-0.0636266
191.416	-0.109233
191.729	-0.170398
192.043	-0.257297
192.356	-0.30423
192.669	-0.355439
192.982	-0.444144
193.296	-0.510706
193.609	-0.535036
193.922	-0.6228
194.236	-0.66069
194.549	-0.70658
194.862	-0.772566
195.175	-0.800658
195.489	-0.868489
195.802	-0.9038
196.115	-0.994051
196.429	-1.01268
196.742	-1.04314
197.055	-1.14863
197.368	-1.16302
197.682	-1.21038
197.995	-1.25058
198.308	-1.26035
198.622	-1.28504
198.935	-1.32165
199.248	-1.34124
199.561	-1.36311
199.875	-1.36833
200.188	-1.38002
200.501	-1.3967
200.815	-1.37783
201.128	-1.35606
201.441	-1.3208
201.754	-1.27356
202.068	-1.29711
202.381	-1.25283
202.694	-1.21067
203.007	-1.19333
203.321	-1.14717
203.634	-1.11934
203.947	-1.05901
204.261	-1.02329
204.574	-0.980469
204.887	-0.953155
205.201	-0.907298
205.514	-0.807845
205.827	-0.795017
206.14	-0.721738
206.454	-0.662092
206.767	-0.622683
207.08	-0.583588
207.393	-0.5338
207.707	-0.454191
208.02	-0.426757
208.333	-0.373607
208.647	-0.314406
208.96	-0.281258
209.273	-0.213257
209.587	-0.180991
209.9	-0.128678
210.213	-0.118139
210.526	-0.0742013
210.84	-0.0429204
211.153	-0.0346106
211.466	-0.0125646
211.779	0.0138693
212.093	0.0463966
212.406	0.0494642
212.719	0.0917736
213.033	0.115908
213.346	0.113712
213.659	0.144246
213.972	0.153018
214.286	0.157042
214.599	0.173216
214.912	0.186834
215.226	0.183083
215.539	0.191621
215.852	0.242642
216.165	0.232112
216.479	0.222096
216.792	0.217905
217.105	0.215541
217.418	0.184081
217.732	0.152552
218.045	0.154838
218.358	0.124694
218.672	0.122113
218.985	0.0902851
219.298	0.0954792
219.612	0.100666
219.925	0.0739995
220.238	0.0514971
220.551	0.0723279
220.865	0.0767301
221.178	0.0676494
221.491	0.0670582
221.804	0.0814719
222.118	0.116604
222.431	0.139045
222.744	0.154274
223.058	0.19896
223.371	0.223908
223.684	0.30241
223.998	0.335313
224.311	0.386626
224.624	0.450882
224.937	0.497655
225.251	0.549783
225.564	0.58112
225.877	0.666566
226.19	0.734346
226.504	0.763785
226.817	0.709518
227.13	0.422905
227.444	0.376501
227.757	0.385015
228.07	0.456048
228.383	0.48744
228.697	0.442879
229.01	0.453932
229.323	0.454211
229.637	0.440853
229.95	0.390891
230.263	0.319212
230.576	0.336009
230.89	0.394878
231.203	0.383101
231.516	0.411779
231.83	0.360533
232.143	0.292677
232.456	0.174548
232.769	0.00460703
233.083	-0.136807
233.396	-0.253342
233.709	-0.317631
234.023	-0.374426
234.336	-0.427897
234.649	-0.455679
234.962	-0.475379
235.276	-0.513168
235.589	-0.492637
235.902	-0.516485
236.215	-0.458399
236.529	-0.383058
236.842	-0.295394
237.155	-0.232132
237.469	-0.183884
237.782	-0.106292
238.095	-0.0478844
238.409	0.00291571
238.722	0.05909
239.035	0.080521
239.348	0.143063
239.662	0.199979
239.975	0.226028
240.288	0.267139
240.601	0.259286
240.915	0.27467
241.228	0.333683
241.541	0.344799
241.855	0.355366
242.168	0.372812
242.481	0.394587
242.794	0.406068
243.108	0.382518
243.421	0.368679
243.734	0.346477
244.048	0.311922
244.361	0.33057
244.674	0.316731
244.988	0.287298
245.301	0.268795
245.614	0.247015
245.927	0.20981
246.241	0.189899
246.554	0.158973
246.867	0.147386
247.18	0.157619
247.494	0.162168
247.807	0.135188
248.12	0.141222
248.434	0.0906075
248.747	0.0948321
249.06	0.0745396
249.373	0.0712364
249.687	0.0834321
250	0.0633714
250.313	0.0356595
250.627	0.0299364
250.94	0.00569736
251.253	-0.00854035
251.566	-0.0338141
251.88	-0.0349193
252.193	-0.0123025
252.506	-0.0064298
252.82	-0.018193
253.133	-0.0272611
253.446	-0.0193438
253.759	-0.0443941
254.073	-0.0469115
254.386	-0.0430252
254.699	-0.0310948
255.012	-0.0429813
255.326	-0.0527443
255.639	-0.00302385
255.952	-0.00590651
256.266	-0.0217577
256.579	-0.0166386
256.892	-0.0383628
257.205	-0.0463448
257.519	-0.0243042
257.832	-0.0528922
258.145	-0.0403787
258.459	-0.0506393
258.772	-0.0595701
259.085	-0.0861749
259.399	-0.14869
259.712	-0.176552
260.025	-0.233725
260.338	-0.236471
260.652	-0.320172
260.965	-0.423199
261.278	-0.475293
261.591	-0.483763
261.905	-0.554759
262.218	-0.677602
262.531	-0.779443
262.845	-0.864261
263.158	-0.928752
263.471	-1.00486
263.784	-1.05944
264.098	-1.09955
264.411	-1.16874
264.724	-1.20353
265.038	-1.21002
265.351	-1.24546
265.664	-1.24912
265.977	-1.25962
266.291	-1.19686
266.604	-1.11483
266.917	-1.03409
267.231	-0.953548
267.544	-0.888542
267.857	-0.804438
268.17	-0.768305
268.484	-0.699663
268.797	-0.558143
269.11	-0.359532
269.424	-0.0366708
269.737	0.0306907
270.05	0.108781
270.363	0.284439
270.677	0.365359
270.99	0.4339
271.303	0.461008
271.616	0.513418
271.93	0.536045
272.243	0.54107
272.556	0.529177
272.87	0.449713
273.183	0.390202
273.496	0.342202
273.81	0.198885
274.123	0.119448
274.436	0.0678503
274.749	0.0242777
275.063	-0.0240399
275.376	-0.0442995
275.689	-0.093333
276.002	-0.110667
276.316	-0.119724
276.629	-0.174064
276.942	-0.184902
277.256	-0.19366
277.569	-0.234635
277.882	-0.271559
278.195	-0.280222
278.509	-0.310318
278.822	-0.29507
279.135	-0.306459
279.449	-0.32291
279.762	-0.318677
280.075	-0.31095
280.389	-0.316701
280.702	-0.339086
281.015	-0.308819
281.328	-0.307835
281.642	-0.282791
281.955	-0.262105
282.268	-0.237951
282.582	-0.226555
282.895	-0.209093
283.208	-0.184761
283.521	-0.174277
283.835	-0.169611
284.148	-0.130768
284.461	-0.134083
284.774	-0.0858834
285.088	-0.0384888
285.401	-0.00515381
285.714	-0.00970122
286.028	-0.0212924
286.341	0.0113601
286.654	0.0389843
286.967	0.0328413
287.281	0.048346
287.594	0.0503342
287.907	0.0359488
288.221	0.0200776
288.534	0.0283731
288.847	0.04475
289.16	0.0248505
289.474	-0.0172199
289.787	-0.0236022
290.1	-0.0786542
290.413	-0.13518
290.727	-0.170756
291.04	-0.241384
291.353	-0.289121
291.667	-0.361144
291.98	-0.366371
292.293	-0.413852
292.606	-0.441914
292.92	-0.476173
293.233	-0.532054
293.546	-0.57031
293.86	-0.592766
294.173	-0.64373
294.486	-0.684947
294.8	-0.704443
295.113	-0.749015
295.426	-0.802628
295.739	-0.88745
296.053	-0.869199
296.366	-0.931893
296.679	-0.946143
296.993	-0.989707
297.306	-1.05211
297.619	-1.07617
297.932	-1.13516
298.246	-1.19301
298.559	-1.20818
298.872	-1.23346
299.185	-1.27205
299.499	-1.25395
299.812	-1.26119
300.125	-1.25532
300.439	-1.26976
300.752	-1.27644
301.065	-1.26411
301.378	-1.29086
301.692	-1.29382
302.005	-1.25679
302.318	-1.22891
302.632	-1.1808
302.945	-1.16157
303.258	-1.18212
303.571	-1.07203
303.885	-1.04665
304.198	-1.00541
304.511	-0.994721
304.825	-0.961344
305.138	-0.897667
305.451	-0.865029
305.764	-0.82098
306.078	-0.730422
306.391	-0.683529
306.704	-0.601462
307.017	-0.54001
307.331	-0.492958
307.644	-0.426207
307.957	-0.378952
308.271	-0.351572
308.584	-0.328058
308.897	-0.249552
309.211	-0.211329
309.524	-0.141265
309.837	-0.100812
310.15	-0.0592683
310.464	-0.0484633
310.777	-0.0598626
311.09	-0.0346254
311.404	0.0163761
311.717	0.0362041
312.03	0.0589304
312.343	0.0880601
312.657	0.102967
312.97	0.108037
313.283	0.109428
313.596	0.0801525
313.91	0.079425
314.223	0.144628
314.536	0.156368
314.85	0.173118
315.163	0.144889
315.476	0.108434
315.789	0.0744437
316.103	0.0814428
316.416	0.0869399
316.729	0.0495948
317.043	0.0294729
317.356	0.0445804
317.669	0.0168665
317.983	0.00607721
318.296	-0.00413596
318.609	-0.0362201
318.922	-0.05794
319.236	-0.0847471
319.549	-0.090032
319.862	-0.102169
320.175	-0.0750823
320.489	-0.10723
320.802	-0.102609
321.115	-0.104639
321.429	-0.0973336
321.742	-0.0998478
322.055	-0.0984282
322.368	-0.0567472
322.682	-0.0319534
322.995	0.00824418
323.308	0.0632909
323.622	0.0783343
323.935	0.133059
324.248	0.208208
324.561	0.22807
324.875	0.289238
325.188	0.343319
325.501	0.43094
325.815	0.44595
326.128	0.50029
326.441	0.548372
326.754	0.603173
327.068	0.630681
327.381	0.693702
327.694	0.788554
328.007	0.847269
328.321	0.797308
328.634	0.526435
328.947	0.442382
329.261	0.474254
329.574	0.474636
329.887	0.516842
330.2	0.490568
330.514	0.474919
330.827	0.463716
331.14	0.470862
331.454	0.470352
331.767	0.472657
332.08	0.53826
332.394	0.587179
332.707	0.654113
333.02	0.731075
333.333	0.819908
333.647	0.822444
333.96	0.810888
334.273	0.821817
334.587	0.846348
334.9	0.883727
335.213	0.900069
335.526	0.84863
335.84	0.846632
336.153	0.820393
336.466	0.810487
336.779	0.777699
337.093	0.781132
337.406	0.784228
337.719	0.749138
338.033	0.73557
338.346	0.706791
338.659	0.730108
338.972	0.719816
339.286	0.68902
339.599	0.698154
339.912	0.685612
340.226	0.667029
340.539	0.68342
340.852	0.679199
341.165	0.632902
341.479	0.658812
341.792	0.690453
342.105	0.704381
342.418	0.709973
342.732	0.698905
343.045	0.693404
343.358	0.718715
343.672	0.715932
343.985	0.746126
344.298	0.725669
344.611	0.716237
344.925	0.735258
345.238	0.762388
345.551	0.781673
345.865	0.733954
346.178	0.740378
346.491	0.743743
346.805	0.740393
347.118	0.724918
347.431	0.719379
347.744	0.687669
348.058	0.666206
348.371	0.645856
348.684	0.633821
348.998	0.598728
349.311	0.578499
349.624	0.573831
349.937	0.553289
350.251	0.54921
350.564	0.49483
350.877	0.485054
351.19	0.455702
351.504	0.432051
351.817	0.439947
352.13	0.467575
352.444	0.473005
352.757	0.492258
353.07	0.468079
353.384	0.468665
353.697	0.464606
354.01	0.503983
354.323	0.533418
354.637	0.547389
354.95	0.575939
355.263	0.543209
355.576	0.549554
355.89	0.546571
356.203	0.521443
356.516	0.529046
356.83	0.525405
357.143	0.517648
357.456	0.474476
357.769	0.450967
358.083	0.462535
358.396	0.42955
358.709	0.367208
359.023	0.350099
359.336	0.335607
359.649	0.286072
359.962	0.253779
360.276	0.209573
360.589	0.140151
360.902	0.107943
361.216	0.0723309
361.529	0.000706316
361.842	-0.0737136
362.155	-0.13037
362.469	-0.237169
362.782	-0.336495
363.095	-0.463258
363.409	-0.536473
363.722	-0.663701
364.035	-0.755407
364.348	-0.820558
364.662	-0.88533
364.975	-0.955235
365.288	-1.00232
365.601	-1.07208
365.915	-1.06712
366.228	-1.06058
366.541	-1.10135
366.855	-1.01566
367.168	-0.937405
367.481	-0.809419
367.795	-0.720434
368.108	-0.640177
368.421	-0.562751
368.734	-0.473706
369.048	-0.415857
369.361	-0.346489
369.674	-0.104669
369.988	0.254587
370.301	0.447074
370.614	0.522201
370.927	0.533165
371.241	0.527239
371.554	0.538389
371.867	0.591711
372.18	0.634078
372.494	0.634684
372.807	0.672821
373.12	0.621412
373.434	0.531769
373.747	0.41369
374.06	0.253219
374.373	0.130754
374.687	0.0810807
375	0.0455988
375.313	0.0467565
375.627	0.0121442
375.94	-0.0536375
376.253	-0.107151
376.566	-0.156462
376.88	-0.176216
377.193	-0.213245
377.506	-0.267771
377.82	-0.291552
378.133	-0.313944
378.446	-0.321735
378.759	-0.327776
379.073	-0.316337
379.386	-0.274194
379.699	-0.299173
380.012	-0.302497
380.326	-0.262416
380.639	-0.254141
380.952	-0.241101
381.266	-0.21689
381.579	-0.196589
381.892	-0.179242
382.205	-0.15381
382.519	-0.135413
382.832	-0.116728
383.145	-0.0924712
383.459	-0.0732793
383.772	-0.049387
384.085	0.000685581
384.399	0.0287389
384.712	0.0814137
385.025	0.111924
385.338	0.124046
385.652	0.157048
385.965	0.175786
386.278	0.217425
386.591	0.246538
386.905	0.257361
387.218	0.273706
387.531	0.262444
387.845	0.262734
388.158	0.31614
388.471	0.28961
388.784	0.30412
389.098	0.285466
389.411	0.287408
389.724	0.272465
390.038	0.246824
390.351	0.243121
390.664	0.250755
390.977	0.199019
391.291	0.169054
391.604	0.115576
391.917	0.0727471
392.231	0.0596131
392.544	0.0120465
392.857	-0.0160905
393.17	-0.0692168
393.484	-0.0898684
393.797	-0.132358
394.11	-0.171492
394.424	-0.230994
394.737	-0.287076
395.05	-0.306977
395.363	-0.340686
395.677	-0.373557
395.99	-0.422371
396.303	-0.427068
396.616	-0.469154
396.93	-0.469077
397.243	-0.517504
397.556	-0.541883
397.87	-0.594161
398.183	-0.63434
398.496	-0.658001
398.81	-0.713544
399.123	-0.731704
399.436	-0.768827
399.749	-0.801115
400.063	-0.771682
400.376	-0.806647
400.689	-0.795383
401.002	-0.792843
401.316	-0.810908
401.629	-0.794113
401.942	-0.780584
402.256	-0.734262
402.569	-0.723279
402.882	-0.686717
403.195	-0.653206
403.509	-0.639386
403.822	-0.598764
404.135	-0.612718
404.449	-0.599806
404.762	-0.540897
405.075	-0.517184
405.389	-0.481727
405.702	-0.438568
406.015	-0.400936
406.328	-0.375103
406.642	-0.357689
406.955	-0.327001
407.268	-0.281228
407.582	-0.247299
407.895	-0.220623
408.208	-0.185503
408.521	-0.170397
408.835	-0.14234
409.148	-0.118629
409.461	-0.0560365
409.774	-0.0491046
410.088	-0.0378054
410.401	0.0120358
410.714	0.0453359
411.028	0.0550478
411.341	0.0887947
411.654	0.100937
411.967	0.147
412.281	0.14008
412.594	0.190308
412.907	0.1924
413.221	0.200984
413.534	0.1803
413.847	0.192467
414.16	0.211852
414.474	0.217064
414.787	0.207321
415.1	0.188413
415.413	0.199669
415.727	0.198049
416.04	0.179022
416.353	0.174368
416.667	0.147343
416.98	0.123865
417.293	0.105158
417.606	0.0737513
417.92	0.0584045
418.233	0.0270864
418.546	0.0146662
418.86	0.00437122
419.173	-0.0433487
419.486	-0.0696657
419.8	-0.0799538
420.113	-0.10141
420.426	-0.147438
420.739	-0.177514
421.053	-0.185962
421.366	-0.191841
421.679	-0.248055
421.993	-0.258104
422.306	-0.270108
422.619	-0.223884
422.932	-0.244287
423.246	-0.282766
423.559	-0.244874
423.872	-0.236568
424.185	-0.196413
424.499	-0.19082
424.812	-0.180856
425.125	-0.118504
425.439	-0.0845768
425.752	-0.0317472
426.065	0.0173805
426.378	0.12839
426.692	0.212152
427.005	0.239081
427.318	0.336283
427.632	0.435729
427.945	0.492309
428.258	0.482226
428.571	0.604089
428.885	0.686953
429.198	0.739392
429.511	0.715709
429.825	0.454469
430.138	0.376145
430.451	0.373392
430.764	0.42468
431.078	0.442454
431.391	0.396749
431.704	0.400803
432.017	0.385323
432.331	0.352981
432.644	0.352477
432.957	0.275571
433.271	0.300687
433.584	0.345729
433.897	0.361352
434.211	0.41429
434.524	0.368783
434.837	0.263417
435.15	0.156708
435.464	0.0356628
435.777	-0.101055
436.09	-0.202189
436.404	-0.302667
436.717	-0.35236
437.03	-0.393028
437.343	-0.432474
437.657	-0.434443
437.97	-0.467667
438.283	-0.441925
438.596	-0.410919
438.91	-0.354711
439.223	-0.259225
439.536	-0.166255
439.85	-0.0994956
440.163	0.00637215
440.476	0.0646282
440.789	0.139386
441.103	0.216165
441.416	0.244488
441.729	0.247599
442.043	0.309332
442.356	0.354274
442.669	0.41354
442.983	0.475824
443.296	0.507246
443.609	0.520489
443.922	0.529949
444.236	0.54508
444.549	0.518705
444.862	0.538816
445.175	0.532339
445.489	0.552117
445.802	0.562776
446.115	0.552345
446.429	0.532639
446.742	0.550377
447.055	0.551163
447.368	0.527601
447.682	0.510432
447.995	0.519519
448.308	0.509039
448.622	0.515594
448.935	0.541217
449.248	0.562838
449.561	0.542054
449.875	0.511812
450.188	0.517982
450.501	0.547623
450.815	0.571702
451.128	0.569355
451.441	0.575475
451.754	0.580843
452.068	0.575597
452.381	0.563
452.694	0.5614
453.007	0.554671
453.321	0.575873
453.634	0.589241
453.947	0.56416
454.261	0.524361
454.574	0.50238
454.887	0.507361
455.2	0.514818
455.514	0.497007
455.827	0.512462
456.14	0.519063
456.454	0.541997
456.767	0.504781
457.08	0.491432
457.394	0.517766
457.707	0.496327
458.02	0.4907
458.333	0.469202
458.647	0.468512
458.96	0.441827
459.273	0.419309
459.587	0.429541
459.9	0.390717
460.213	0.336771
460.526	0.297364
460.84	0.259438
461.153	0.199911
461.466	0.148741
461.779	0.0962
462.093	0.036352
462.406	-0.0182794
462.719	-0.112429
463.033	-0.17686
463.346	-0.245015
463.659	-0.333217
463.972	-0.467436
464.286	-0.596962
464.599	-0.722227
464.912	-0.856075
465.226	-0.941042
465.539	-1.07271
465.852	-1.19946
466.165	-1.27626
466.479	-1.35235
466.792	-1.40112
467.105	-1.42022
467.418	-1.43416
467.732	-1.46788
468.045	-1.43711
468.358	-1.34455
468.672	-1.22019
468.985	-1.075
469.298	-0.957785
469.611	-0.846366
469.925	-0.709393
470.238	-0.626832
470.551	-0.513848
470.865	-0.308609
471.178	0.0583555
471.491	0.297802
471.805	0.354659
472.118	0.426049
472.431	0.436549
472.744	0.458715
473.058	0.502022
473.371	0.49542
473.684	0.481318
473.998	0.486361
474.311	0.446022
474.624	0.3537
474.937	0.258284
475.251	0.0750522
475.564	-0.0474916
475.877	-0.116048
476.19	-0.158144
476.504	-0.157607
476.817	-0.183622
477.13	-0.1932
477.444	-0.234701
477.757	-0.257958
478.07	-0.252667
478.384	-0.252562
478.697	-0.24403
479.01	-0.283327
479.323	-0.291472
479.637	-0.241908
479.95	-0.24349
480.263	-0.251239
480.576	-0.26726
480.89	-0.239786
481.203	-0.21907
481.516	-0.201139
481.83	-0.210735
482.143	-0.193471
482.456	-0.148462
482.769	-0.103168
483.083	-0.0721107
483.396	-0.0724614
483.709	-0.0531217
484.023	-0.018003
484.336	0.0238889
484.649	0.049135
484.962	0.0649342
485.276	0.12945
485.589	0.173288
485.902	0.232753
486.216	0.276349
486.529	0.283485
486.842	0.326987
487.155	0.355529
487.469	0.373543
487.782	0.417752
488.095	0.461543
488.409	0.484167
488.722	0.509496
489.035	0.523162
489.348	0.542521
489.662	0.566941
489.975	0.597992
490.288	0.572513
490.601	0.557867
490.915	0.578698
491.228	0.536755
491.541	0.489445
491.855	0.50092
492.168	0.464205
492.481	0.453803
492.795	0.425737
493.108	0.406178
493.421	0.379195
493.734	0.333306
494.048	0.309159
494.361	0.263952
494.674	0.259779
494.988	0.226316
495.301	0.177721
495.614	0.153984
495.927	0.143808
496.241	0.0860426
496.554	0.0576001
496.867	0.0302117
497.18	0.0276245
497.494	-0.0313827
497.807	-0.0498508
498.12	-0.0802454
498.434	-0.147815
498.747	-0.148655
499.06	-0.189732
499.373	-0.230295
499.687	-0.237045
500	-0.26553
500.313	-0.282798
500.627	-0.301414
500.94	-0.29926
501.253	-0.285322
501.566	-0.267811
501.88	-0.286643
502.193	-0.274806
502.506	-0.256481
502.82	-0.218928
503.133	-0.220452
503.446	-0.230613
503.759	-0.189402
504.073	-0.177254
504.386	-0.197818
504.699	-0.15711
505.012	-0.125505
505.326	-0.0586221
505.639	-0.00702556
505.952	-0.0148538
506.266	-0.0176225
506.579	0.00282735
506.892	0.0416079
507.205	0.0913692
507.519	0.115612
507.832	0.174166
508.145	0.195393
508.459	0.241959
508.772	0.286949
509.085	0.313364
509.399	0.324819
509.712	0.326948
510.025	0.361003
510.338	0.40531
510.652	0.423163
510.965	0.423708
511.278	0.406662
511.591	0.403948
511.905	0.399695
512.218	0.430857
512.531	0.435439
512.845	0.425766
513.158	0.415929
513.471	0.431483
513.784	0.4322
514.098	0.409829
514.411	0.397642
514.724	0.377982
515.038	0.369419
515.351	0.385129
515.664	0.356686
515.977	0.359769
516.291	0.326591
516.604	0.266078
516.917	0.264093
517.231	0.220995
517.544	0.208485
517.857	0.19741
518.17	0.145701
518.484	0.100225
518.797	0.0647645
519.11	0.031693
519.424	-0.00986738
519.737	-0.0497271
520.05	-0.101151
520.363	-0.144964
520.677	-0.192718
520.99	-0.213061
521.303	-0.269759
521.616	-0.291209
521.93	-0.344513
522.243	-0.339181
522.556	-0.354709
522.87	-0.339005
523.183	-0.391756
523.496	-0.402215
523.809	-0.401628
524.123	-0.398078
524.436	-0.394303
524.749	-0.349913
525.063	-0.333436
525.376	-0.333667
525.689	-0.321951
526.003	-0.292664
526.316	-0.263203
526.629	-0.200025
526.942	-0.15392
527.256	-0.119041
527.569	-0.0670319
527.882	-0.0233863
528.196	0.0234883
528.509	0.0367484
528.822	0.11998
529.135	0.171496
529.449	0.168068
529.762	0.103381
530.075	-0.157799
530.389	-0.265524
530.702	-0.261191
531.015	-0.231723
531.328	-0.254671
531.642	-0.281525
531.955	-0.281068
532.268	-0.296645
532.582	-0.381733
532.895	-0.42514
533.208	-0.480656
533.521	-0.491909
533.835	-0.410105
534.148	-0.400992
534.461	-0.369891
534.774	-0.409493
535.088	-0.535457
535.401	-0.646398
535.714	-0.755766
536.028	-0.858697
536.341	-0.953186
536.654	-1.0314
536.967	-1.03257
537.281	-1.00992
537.594	-1.04593
537.907	-1.02894
538.221	-1.00194
538.534	-0.949866
538.847	-0.900761
539.16	-0.805606
539.474	-0.722609
539.787	-0.626231
540.1	-0.5546
540.413	-0.477809
540.727	-0.380741
541.04	-0.309661
541.353	-0.26323
541.667	-0.18769
541.98	-0.127017
542.293	-0.0862523
542.606	-0.0270549
542.92	0.047511
543.233	0.0808908
543.546	0.147605
543.86	0.154978
544.173	0.186472
544.486	0.241005
544.799	0.253032
545.113	0.277164
545.426	0.268832
545.739	0.275366
546.053	0.297469
546.366	0.262263
546.679	0.280524
546.992	0.274851
547.306	0.276071
547.619	0.273487
547.932	0.283564
548.246	0.277028
548.559	0.261792
548.872	0.275068
549.186	0.262368
549.499	0.263643
549.812	0.269585
550.125	0.23485
550.439	0.221394
550.752	0.213253
551.065	0.264401
551.378	0.258588
551.692	0.276176
552.005	0.268952
552.318	0.231087
552.632	0.209564
552.945	0.217496
553.258	0.245684
553.571	0.267223
553.885	0.269865
554.198	0.252802
554.511	0.261102
554.825	0.318166
555.138	0.316231
555.451	0.304107
555.764	0.298419
556.078	0.296765
556.391	0.303601
556.704	0.293067
557.018	0.312581
557.331	0.300311
557.644	0.306275
557.957	0.302242
558.271	0.279988
558.584	0.269569
558.897	0.263294
559.211	0.230865
559.524	0.222421
559.837	0.207999
560.15	0.19305
560.464	0.171285
560.777	0.117353
561.09	0.0959901
561.404	0.0532563
561.717	-0.00842843
562.03	-0.0339226
562.343	-0.105409
562.657	-0.185383
562.97	-0.23647
563.283	-0.285357
563.596	-0.371398
563.91	-0.44497
564.223	-0.508542
564.536	-0.627557
564.85	-0.715791
565.163	-0.857555
565.476	-0.941734
565.789	-1.042
566.103	-1.12668
566.416	-1.19257
566.729	-1.24387
567.043	-1.27977
567.356	-1.2994
567.669	-1.33116
567.982	-1.29395
568.296	-1.28011
568.609	-1.22948
568.922	-1.14481
569.236	-1.04808
569.549	-0.918897
569.862	-0.848605
570.175	-0.72445
570.489	-0.656889
570.802	-0.564878
571.115	-0.514928
571.429	-0.303457
571.742	0.0802621
572.055	0.244229
572.368	0.343831
572.682	0.364727
572.995	0.398538
573.308	0.499848
573.622	0.517359
573.935	0.51423
574.248	0.520585
574.561	0.555152
574.875	0.554048
575.188	0.445147
575.501	0.34963
575.814	0.175519
576.128	0.0253429
576.441	-0.00190157
576.754	-0.0512907
577.068	-0.0767023
577.381	-0.0670458
577.694	-0.0636408
578.008	-0.108096
578.321	-0.126095
578.634	-0.159365
578.947	-0.189661
579.261	-0.201283
579.574	-0.213392
579.887	-0.219674
580.201	-0.230464
580.514	-0.226474
580.827	-0.218863
581.14	-0.232464
581.454	-0.233562
581.767	-0.223959
582.08	-0.208134
582.394	-0.17145
582.707	-0.129348
583.02	-0.0935065
583.333	-0.0590589
583.647	-0.0220987
583.96	0.0479661
584.273	0.0932187
584.587	0.130653
584.9	0.145095
585.213	0.172779
585.526	0.251701
585.84	0.308316
586.153	0.350923
586.466	0.392513
586.779	0.41678
587.093	0.472832
587.406	0.532979
587.719	0.568518
588.033	0.638857
588.346	0.661929
588.659	0.693464
588.972	0.724137
589.286	0.767651
589.599	0.796331
589.912	0.792462
590.226	0.82703
590.539	0.836751
590.852	0.842968
591.165	0.854437
591.479	0.828711
591.792	0.80316
592.105	0.790285
592.418	0.781871
592.732	0.759199
593.045	0.730764
593.358	0.714969
593.672	0.700509
593.985	0.69045
594.298	0.634651
594.611	0.588494
594.925	0.611893
595.238	0.552915
595.551	0.536395
595.865	0.509599
596.178	0.503958
596.491	0.485629
596.804	0.499031
597.118	0.474727
597.431	0.436006
597.744	0.422834
598.058	0.38517
598.371	0.373872
598.684	0.339354
598.997	0.340857
599.311	0.273763
599.624	0.252486
599.937	0.251178
600.251	0.246415
600.564	0.218751
600.877	0.196465
601.191	0.144775
601.504	0.131005
601.817	0.138985
602.13	0.128554
602.444	0.146148
602.757	0.117172
603.07	0.1229
603.384	0.154725
603.697	0.151746
604.01	0.176829
604.323	0.170223
604.637	0.1666
604.95	0.233969
605.263	0.268039
605.576	0.304653
605.89	0.302809
606.203	0.322852
606.516	0.422196
606.83	0.466881
607.143	0.473478
607.456	0.529758
607.769	0.576894
608.083	0.614736
608.396	0.62271
608.709	0.636444
609.023	0.656786
609.336	0.680515
609.649	0.689238
609.962	0.735836
610.276	0.744276
610.589	0.775374
610.902	0.802271
611.216	0.784256
611.529	0.787562
611.842	0.805126
612.155	0.818076
612.469	0.85678
612.782	0.885794
613.095	0.909251
613.409	0.876599
613.722	0.851298
614.035	0.852335
614.348	0.861235
614.662	0.845886
614.975	0.822153
615.288	0.815373
615.601	0.811554
615.915	0.75855
616.228	0.699036
616.541	0.635209
616.855	0.576537
617.168	0.528415
617.481	0.497247
617.794	0.441821
618.108	0.399813
618.421	0.346047
618.734	0.293045
619.048	0.254219
619.361	0.195844
619.674	0.120288
619.987	0.0524239
620.301	0.00286019
620.614	-0.0315075
620.927	-0.0801247
621.241	-0.125009
621.554	-0.180959
621.867	-0.234195
622.181	-0.306878
622.494	-0.344994
622.807	-0.372152
623.12	-0.395421
623.434	-0.447195
623.747	-0.423824
624.06	-0.420245
624.373	-0.42122
624.687	-0.421203
625	-0.463183
625.313	-0.456176
625.627	-0.420268
625.94	-0.417233
626.253	-0.413464
626.566	-0.375696
626.88	-0.337276
627.193	-0.290708
627.506	-0.237851
627.819	-0.205233
628.133	-0.170299
628.446	-0.108895
628.759	-0.0711227
629.073	0.0205954
629.386	0.06741
629.699	0.108047
630.013	0.180505
630.326	0.222459
630.639	0.148846
630.952	-0.149586
631.266	-0.189166
631.579	-0.204781
631.892	-0.19413
632.206	-0.151493
632.519	-0.186594
632.832	-0.201312
633.145	-0.184187
633.459	-0.219325
633.772	-0.273588
634.085	-0.314012
634.399	-0.277165
634.712	-0.256627
635.025	-0.224564
635.338	-0.176274
635.652	-0.226118
635.965	-0.337578
636.278	-0.441143
636.591	-0.579964
636.905	-0.670316
637.218	-0.751516
637.531	-0.823519
637.845	-0.905425
638.158	-0.918266
638.471	-0.964052
638.784	-0.978451
639.098	-1.00557
639.411	-0.941672
639.724	-0.855972
640.038	-0.76907
640.351	-0.693611
640.664	-0.620689
640.977	-0.508872
641.291	-0.45032
641.604	-0.399854
641.917	-0.346926
642.231	-0.274274
642.544	-0.183731
642.857	-0.130188
643.17	-0.0523483
643.484	-0.00119781
643.797	-0.00207638
644.11	0.0245267
644.424	0.0360772
644.737	0.085585
645.05	0.143471
645.363	0.157473
645.677	0.201798
645.99	0.201051
646.303	0.204067
646.616	0.187846
646.93	0.222378
647.243	0.242636
647.556	0.262611
647.87	0.259222
648.183	0.272587
648.496	0.277067
648.809	0.261139
649.123	0.24881
649.436	0.239336
649.749	0.219887
650.063	0.214521
650.376	0.212085
650.689	0.181785
651.003	0.170514
651.316	0.179386
651.629	0.156513
651.942	0.168952
652.256	0.185394
652.569	0.191988
652.882	0.174429
653.196	0.192475
653.509	0.205742
653.822	0.225063
654.135	0.239559
654.449	0.265562
654.762	0.257435
655.075	0.275893
655.389	0.266312
655.702	0.288669
656.015	0.302524
656.328	0.328845
656.642	0.320251
656.955	0.318232
657.268	0.345002
657.582	0.379868
657.895	0.362756
658.208	0.367013
658.521	0.383651
658.835	0.381997
659.148	0.397747
659.461	0.39163
659.774	0.37246
660.088	0.373525
660.401	0.361018
660.714	0.337751
661.028	0.263906
661.341	0.245565
661.654	0.20116
661.967	0.149246
662.281	0.102243
662.594	0.0417291
662.907	0.0100057
663.221	-0.0378898
663.534	-0.0766823
663.847	-0.149224
664.16	-0.235551
664.474	-0.291311
664.787	-0.387215
665.1	-0.446922
665.413	-0.559397
665.727	-0.666274
666.04	-0.793514
666.353	-0.870502
666.667	-0.973634
666.98	-1.06816
667.293	-1.12619
667.606	-1.18038
667.92	-1.23153
668.233	-1.25615
668.546	-1.25715
668.86	-1.23004
669.173	-1.17899
669.486	-1.12684
669.799	-1.01096
670.113	-0.912456
670.426	-0.80675
670.739	-0.64178
671.053	-0.353147
671.366	-0.155117
671.679	0.0159961
671.992	0.034812
672.306	0.0974574
672.619	0.343983
672.932	0.498361
673.246	0.580344
673.559	0.537663
673.872	0.555484
674.186	0.564133
674.499	0.472007
674.812	0.420897
675.125	0.369554
675.439	0.24646
675.752	0.234908
676.065	0.168238
676.378	0.0792146
676.692	0.0460173
677.005	0.0154916
677.318	-0.054346
677.632	-0.0341377
677.945	-0.0736007
678.258	-0.108451
678.571	-0.119889
678.885	-0.148174
679.198	-0.188223
679.511	-0.260792
679.825	-0.295193
680.138	-0.290497
680.451	-0.266571
680.764	-0.271609
681.078	-0.282789
681.391	-0.251291
681.704	-0.220235
682.018	-0.228646
682.331	-0.222454
682.644	-0.181177
682.957	-0.15704
683.271	-0.100397
683.584	-0.054733
683.897	-0.0595615
684.211	-0.0102651
684.524	0.00635281
684.837	0.0609677
685.15	0.125889
685.464	0.16895
685.777	0.22419
686.09	0.264
686.404	0.314257
686.717	0.342801
687.03	0.409821
687.343	0.443976
687.657	0.504472
687.97	0.557621
688.283	0.576075
688.596	0.622103
688.91	0.6315
689.223	0.640077
689.536	0.683614
689.85	0.70828
690.163	0.736276
690.476	0.713999
690.789	0.729062
691.103	0.766494
691.416	0.742754
691.729	0.772179
692.043	0.774652
692.356	0.766667
692.669	0.74016
692.982	0.775187
693.296	0.771522
693.609	0.777624
693.922	0.728011
694.236	0.713072
694.549	0.731211
694.862	0.678453
695.175	0.658284
695.489	0.620249
695.802	0.581896
696.115	0.556767
696.429	0.542567
696.742	0.480242
697.055	0.459378
697.368	0.451137
697.682	0.449796
697.995	0.417393
698.308	0.43184
698.622	0.410818
698.935	0.371024
699.248	0.350616
699.561	0.29576
699.875	0.282129
700.188	0.236349
700.501	0.222953
700.814	0.21873
701.128	0.184463
701.441	0.166702
701.754	0.115797
702.068	0.1028
702.381	0.125209
702.694	0.103466
703.008	0.0892393
703.321	0.0871026
703.634	0.114085
703.947	0.143115
704.261	0.132912
704.574	0.138159
704.887	0.174769
705.201	0.201426
705.514	0.19405
705.827	0.214258
706.14	0.259312
706.454	0.294846
706.767	0.311438
707.08	0.335271
707.394	0.350836
707.707	0.392594
708.02	0.411302
708.333	0.465052
708.647	0.534661
708.96	0.573615
709.273	0.596062
709.587	0.60175
709.9	0.59207
710.213	0.637627
710.526	0.680613
710.84	0.695969
711.153	0.716078
711.466	0.718001
711.779	0.739227
712.093	0.709975
712.406	0.723798
712.719	0.727982
713.033	0.738963
713.346	0.767403
713.659	0.783307
713.972	0.756829
714.286	0.769002
714.599	0.761251
714.912	0.762773
715.226	0.760541
715.539	0.787842
715.852	0.762934
716.165	0.75795
716.479	0.738696
716.792	0.699034
717.105	0.691428
717.418	0.656764
717.732	0.673875
718.045	0.615579
718.358	0.570736
718.672	0.528088
718.985	0.474701
719.298	0.426518
719.611	0.401183
719.925	0.32243
720.238	0.297544
720.551	0.241628
720.865	0.211239
721.178	0.127624
721.491	0.0577808
721.804	0.0280101
722.118	-0.00472937
722.431	-0.0292984
722.744	-0.0897058
723.058	-0.161966
723.371	-0.186871
723.684	-0.218809
723.997	-0.273994
724.311	-0.284012
724.624	-0.299156
724.937	-0.276356
725.251	-0.283555
725.564	-0.276726
725.877	-0.298692
726.191	-0.287031
726.504	-0.240461
726.817	-0.223411
727.13	-0.221055
727.444	-0.193723
727.757	-0.104491
728.07	-0.0706153
728.384	-0.0418505
728.697	0.00538091
729.01	0.0386538
729.323	0.0563183
729.637	0.074066
729.95	0.0898852
730.263	0.144244
730.576	0.160203
730.89	0.0987851
731.203	-0.209256
731.516	-0.301201
731.83	-0.319198
732.143	-0.335962
732.456	-0.28593
732.769	-0.343105
733.083	-0.371452
733.396	-0.396338
733.709	-0.413301
734.023	-0.44512
734.336	-0.485467
734.649	-0.46903
734.962	-0.418613
735.276	-0.42363
735.589	-0.332597
735.902	-0.379952
736.216	-0.508788
736.529	-0.629386
736.842	-0.759596
737.155	-0.879301
737.469	-0.933575
737.782	-0.966294
738.095	-1.04135
738.409	-1.0493
738.722	-1.10464
739.035	-1.07427
739.348	-1.07105
739.662	-1.03099
739.975	-0.917091
740.288	-0.806414
740.601	-0.714994
740.915	-0.603702
741.228	-0.516754
741.541	-0.420078
741.855	-0.389744
742.168	-0.291925
742.481	-0.198674
742.794	-0.123942
743.108	-0.0550834
743.421	-0.0039574
743.734	0.0557771
744.048	0.075911
744.361	0.108225
744.674	0.134101
744.987	0.157604
745.301	0.207164
745.614	0.239158
745.927	0.249536
746.241	0.277008
746.554	0.291852
746.867	0.287337
747.181	0.327919
747.494	0.315997
747.807	0.332857
748.12	0.340706
748.434	0.398591
748.747	0.391334
749.06	0.384111
749.373	0.410869
749.687	0.419118
750	0.396291
750.313	0.417499
750.627	0.42052
750.94	0.445626
751.253	0.415752
751.566	0.402955
751.88	0.392286
752.193	0.425498
752.506	0.463306
752.819	0.476367
753.133	0.49292
753.446	0.489346
753.759	0.482709
754.073	0.493854
754.386	0.549479
754.699	0.568134
755.013	0.586383
755.326	0.616491
755.639	0.596078
755.952	0.602366
756.266	0.633192
756.579	0.60659
756.892	0.57536
757.206	0.581057
757.519	0.591206
757.832	0.586361
758.145	0.58548
758.459	0.5567
758.772	0.595524
759.085	0.597662
759.399	0.568742
759.712	0.598005
760.025	0.568288
760.338	0.579131
760.652	0.524179
760.965	0.536315
761.278	0.544564
761.591	0.525212
761.905	0.484137
762.218	0.430688
762.531	0.393221
762.845	0.392232
763.158	0.326407
763.471	0.325145
763.784	0.271107
764.098	0.187642
764.411	0.10727
764.724	0.0508649
765.038	-0.00809693
765.351	-0.0792416
765.664	-0.178384
765.977	-0.273235
766.291	-0.396521
766.604	-0.507965
766.917	-0.603584
767.231	-0.723921
767.544	-0.801209
767.857	-0.882325
768.17	-0.913266
768.484	-0.924038
768.797	-0.964485
769.11	-0.951117
769.424	-0.926839
769.737	-0.868786
770.05	-0.765287
770.363	-0.641801
770.677	-0.52838
770.99	-0.407921
771.303	-0.253825
771.616	-0.181172
771.93	-0.0688114
772.243	0.205832
772.556	0.387591
772.87	0.651013
773.183	0.750947
773.496	0.832495
773.809	0.827885
774.123	0.812344
774.436	0.862356
774.749	0.82152
775.063	0.793771
775.376	0.753663
775.689	0.676696
776.003	0.624254
776.316	0.504278
776.629	0.313783
776.942	0.190371
777.256	0.129941
777.569	0.0750553
777.882	0.0407576
778.196	0.0251862
778.509	0.0174353
778.822	0.0404668
779.135	-0.017339
779.449	-0.0409498
779.762	-0.103731
780.075	-0.111768
780.389	-0.101935
780.702	-0.160004
781.015	-0.159865
781.328	-0.199884
781.642	-0.194057
781.955	-0.186253
782.268	-0.237861
782.582	-0.243203
782.895	-0.211052
783.208	-0.207295
783.521	-0.18011
783.835	-0.170559
784.148	-0.130876
784.461	-0.102221
784.774	-0.0568932
785.088	-0.0397502
785.401	-0.0118871
785.714	0.0255803
786.028	0.0555825
786.341	0.0934674
786.654	0.129576
786.967	0.159095
787.281	0.225575
787.594	0.262385
787.907	0.291261
788.221	0.321674
788.534	0.328028
788.847	0.364283
789.16	0.403474
789.474	0.438736
789.787	0.461048
790.1	0.467556
790.413	0.483368
790.727	0.473253
791.04	0.514824
791.353	0.537634
791.667	0.549848
791.98	0.548484
792.293	0.555261
792.606	0.557991
792.92	0.534486
793.233	0.500102
793.546	0.51855
793.86	0.51953
794.173	0.502997
794.486	0.457672
794.799	0.417296
795.113	0.386156
795.426	0.354492
795.739	0.329946
796.053	0.301201
796.366	0.267657
796.679	0.245534
796.992	0.203233
797.306	0.159532
797.619	0.143742
797.932	0.120143
798.246	0.109919
798.559	0.0589523
798.872	0.0471662
799.186	0.0081613
799.499	-0.011922
799.812	-0.0718236
800.125	-0.11085
800.439	-0.142949
800.752	-0.17426
801.065	-0.175498
801.378	-0.191926
801.692	-0.212925
802.005	-0.242164
802.318	-0.253034
802.632	-0.267476
802.945	-0.245169
803.258	-0.229162
803.571	-0.235061
803.885	-0.212289
804.198	-0.174253
804.511	-0.161082
804.825	-0.14968
805.138	-0.123236
805.451	-0.0943788
805.764	-0.101253
806.078	-0.0657798
806.391	-0.0534329
806.704	-0.059287
807.018	-0.000610218
807.331	0.0191901
807.644	0.0468101
807.957	0.0715393
808.271	0.0934126
808.584	0.15474
808.897	0.156367
809.211	0.174383
809.524	0.216794
809.837	0.248849
810.15	0.338893
810.464	0.356745
810.777	0.412947
811.09	0.438951
811.404	0.447295
811.717	0.500968
812.03	0.512442
812.343	0.536964
812.657	0.548682
812.97	0.574514
813.283	0.598414
813.596	0.606727
813.91	0.631356
814.223	0.637514
814.536	0.629679
814.85	0.682462
815.163	0.672529
815.476	0.677168
815.789	0.667841
816.103	0.645835
816.416	0.658108
816.729	0.656765
817.043	0.641428
817.356	0.617082
817.669	0.590335
817.982	0.554671
818.296	0.547441
818.609	0.512737
818.922	0.47651
819.236	0.445891
819.549	0.371846
819.862	0.302692
820.175	0.269691
820.489	0.241126
820.802	0.221625
821.115	0.151776
821.429	0.0955885
821.742	0.0264962
822.055	-0.043603
822.368	-0.0860415
822.682	-0.119989
822.995	-0.149572
823.308	-0.193094
823.622	-0.22826
823.935	-0.230282
824.248	-0.268786
824.561	-0.290987
824.875	-0.331406
825.188	-0.35052
825.501	-0.37279
825.814	-0.325138
826.128	-0.291975
826.441	-0.291271
826.754	-0.297372
827.068	-0.273991
827.381	-0.248975
827.694	-0.227947
828.008	-0.181705
828.321	-0.157487
828.634	-0.0996968
828.947	-0.0391691
829.261	0.00125848
829.574	0.0207417
829.887	0.0603557
830.201	0.121119
830.514	0.187176
830.827	0.257783
831.14	0.365163
831.454	0.389557
831.767	0.494247
832.08	0.575376
832.394	0.466728
832.707	0.255431
833.02	0.174961
833.333	0.210058
833.647	0.235231
833.96	0.264015
834.273	0.231648
834.587	0.227851
834.9	0.196279
835.213	0.180568
835.526	0.100915
835.84	0.0420542
836.153	0.0943364
836.466	0.0988636
836.779	0.157981
837.093	0.18095
837.406	0.111883
837.719	-0.014478
838.033	-0.160752
838.346	-0.276791
838.659	-0.36661
838.972	-0.447229
839.286	-0.49525
839.599	-0.556568
839.912	-0.609738
840.226	-0.638864
840.539	-0.656947
840.852	-0.611743
841.165	-0.558294
841.479	-0.514696
841.792	-0.457198
842.105	-0.355335
842.418	-0.262154
842.732	-0.193066
843.045	-0.114139
843.358	-0.0279169
843.672	0.0481048
843.985	0.100002
844.298	0.154001
844.611	0.207061
844.925	0.266751
845.238	0.322128
845.551	0.375113
845.865	0.438301
846.178	0.481272
846.491	0.508178
846.804	0.509845
847.118	0.512203
847.431	0.555739
847.744	0.575707
848.058	0.603685
848.371	0.649513
848.684	0.676511
848.997	0.701072
849.311	0.676513
849.624	0.663293
849.937	0.677262
850.251	0.658612
850.564	0.670868
850.877	0.686181
851.191	0.698477
851.504	0.720688
851.817	0.708172
852.13	0.712838
852.444	0.733873
852.757	0.730773
853.07	0.771978
853.384	0.800951
853.697	0.824005
854.01	0.831824
854.323	0.812527
854.637	0.818074
854.95	0.862272
855.263	0.871191
855.576	0.874443
855.89	0.864994
856.203	0.883331
856.516	0.874913
856.83	0.911316
857.143	0.895424
857.456	0.873835
857.769	0.868014
858.083	0.872722
858.396	0.895279
858.709	0.916541
859.023	0.939555
859.336	0.983416
859.649	0.985481
859.962	0.982293
860.276	0.977744
860.589	0.972057
860.902	0.978344
861.216	1.01235
861.529	1.02336
861.842	0.993211
862.155	0.971805
862.469	0.954789
862.782	0.927328
863.095	0.916167
863.409	0.858623
863.722	0.808994
864.035	0.787591
864.348	0.727758
864.662	0.628473
864.975	0.561004
865.288	0.472238
865.601	0.400531
865.915	0.312912
866.228	0.244492
866.541	0.150774
866.855	0.055444
867.168	-0.0217298
867.481	-0.155507
867.794	-0.291681
868.108	-0.435923
868.421	-0.552404
868.734	-0.663599
869.048	-0.720057
869.361	-0.798119
869.674	-0.848466
869.987	-0.89412
870.301	-0.938357
870.614	-0.959685
870.927	-0.960017
871.241	-0.935947
871.554	-0.853311
871.867	-0.717869
872.181	-0.617778
872.494	-0.507587
872.807	-0.362598
873.12	-0.0654341
873.434	0.122118
873.747	0.290664
874.06	0.284657
874.373	0.371876
874.687	0.556952
875	0.665568
875.313	0.752084
875.627	0.78701
875.94	0.797464
876.253	0.78542
876.566	0.755038
876.88	0.716997
877.193	0.616469
877.506	0.500871
877.819	0.443659
878.133	0.438643
878.446	0.40486
878.759	0.358784
879.073	0.300517
879.386	0.237718
879.699	0.222832
880.013	0.15374
880.326	0.0814661
880.639	0.0693652
880.952	0.0523401
881.266	0.031004
881.579	-0.0232946
881.892	-0.0357034
882.206	-0.0455074
882.519	-0.0720408
882.832	-0.117074
883.145	-0.0874528
883.459	-0.0779675
883.772	-0.0747878
884.085	-0.0573755
884.399	-0.0356186
884.712	-0.0211999
885.025	-0.0107506
885.338	0.00327682
885.652	0.0374308
885.965	0.0693799
886.278	0.117477
886.591	0.102706
886.905	0.130718
887.218	0.115117
887.531	0.136557
887.845	0.182093
888.158	0.171612
888.471	0.183202
888.784	0.197839
889.098	0.234243
889.411	0.238123
889.724	0.228324
890.038	0.219388
890.351	0.24742
890.664	0.255704
890.977	0.269021
891.291	0.279322
891.604	0.302766
891.917	0.301567
892.231	0.277792
892.544	0.251934
892.857	0.254157
893.17	0.27507
893.484	0.256802
893.797	0.229513
894.11	0.235683
894.424	0.196682
894.737	0.157915
895.05	0.169892
895.363	0.11324
895.677	0.114518
895.99	0.0600719
896.303	0.0401243
896.616	-0.0109859
896.93	-0.043757
897.243	-0.0704013
897.556	-0.144403
897.87	-0.172569
898.183	-0.201786
898.496	-0.217012
898.809	-0.230042
899.123	-0.278348
899.436	-0.309729
899.749	-0.366244
900.063	-0.417184
900.376	-0.433311
900.689	-0.453738
901.003	-0.490469
901.316	-0.529176
901.629	-0.546339
901.942	-0.58068
902.256	-0.658289
902.569	-0.670105
902.882	-0.697154
903.196	-0.712769
903.509	-0.724718
903.822	-0.733986
904.135	-0.737291
904.449	-0.716705
904.762	-0.713596
905.075	-0.749708
905.389	-0.703678
905.702	-0.682297
906.015	-0.697936
906.328	-0.655591
906.642	-0.61158
906.955	-0.55691
907.268	-0.513601
907.582	-0.481552
907.895	-0.462774
908.208	-0.442955
908.521	-0.40755
908.835	-0.344254
909.148	-0.300077
909.461	-0.273921
909.774	-0.233619
910.088	-0.19246
910.401	-0.112104
910.714	-0.0911344
911.028	-0.0718149
911.341	-0.0279303
911.654	0.027604
911.967	0.0257295
912.281	0.0694415
912.594	0.0865738
912.907	0.131082
913.221	0.17559
913.534	0.238599
913.847	0.282493
914.16	0.282528
914.474	0.319151
914.787	0.327018
915.1	0.353127
915.413	0.392504
915.727	0.445505
916.04	0.466855
916.353	0.462908
916.667	0.471922
916.98	0.478446
917.293	0.442329
917.606	0.429535
917.92	0.440417
918.233	0.457188
918.546	0.394002
918.86	0.362555
919.173	0.369681
919.486	0.332225
919.799	0.296548
920.113	0.260631
920.426	0.252326
920.739	0.231965
921.053	0.214529
921.366	0.132045
921.679	0.0936719
921.992	0.0765823
922.306	0.0312146
922.619	-0.0127906
922.932	-0.0427092
923.246	-0.042322
923.559	-0.0774422
923.872	-0.0977691
924.186	-0.109227
924.499	-0.163389
924.812	-0.129639
925.125	-0.125593
925.439	-0.145048
925.752	-0.150365
926.065	-0.144531
926.378	-0.142164
926.692	-0.154054
927.005	-0.137527
927.318	-0.148864
927.632	-0.123021
927.945	-0.109709
928.258	-0.0980912
928.571	-0.0415011
928.885	0.0020688
929.198	0.0128573
929.511	0.0707482
929.825	0.130439
930.138	0.209323
930.451	0.304998
930.764	0.36253
931.078	0.400945
931.391	0.489002
931.704	0.587162
932.018	0.63457
932.331	0.658415
932.644	0.764059
932.957	0.877625
933.271	0.864769
933.584	0.835474
933.897	0.564553
934.211	0.524328
934.524	0.549835
934.837	0.538676
935.15	0.561665
935.464	0.562368
935.777	0.540691
936.09	0.542382
936.404	0.503948
936.717	0.448765
937.03	0.389278
937.343	0.371643
937.657	0.418932
937.97	0.430209
938.283	0.50227
938.596	0.43113
938.91	0.268169
939.223	0.129596
939.536	0.0418186
939.85	-0.0601738
940.163	-0.133885
940.476	-0.179901
940.789	-0.218327
941.103	-0.216695
941.416	-0.231428
941.729	-0.232185
942.043	-0.257686
942.356	-0.217511
942.669	-0.142423
942.982	-0.0469333
943.296	0.0244249
943.609	0.0834673
943.922	0.210937
944.236	0.292221
944.549	0.30974
944.862	0.337044
945.175	0.366811
945.489	0.44073
945.802	0.491127
946.115	0.547653
946.429	0.597748
946.742	0.597975
947.055	0.630522
947.368	0.637103
947.682	0.664632
947.995	0.701792
948.308	0.724835
948.622	0.731427
948.935	0.749102
949.248	0.803137
949.561	0.792797
949.875	0.785756
950.188	0.778318
950.501	0.783374
950.814	0.805628
951.128	0.800586
951.441	0.795627
951.754	0.784311
952.068	0.788371
952.381	0.805583
952.694	0.792151
953.008	0.800001
953.321	0.803569
953.634	0.816006
953.947	0.795809
954.261	0.807348
954.574	0.82979
954.887	0.850838
955.201	0.869324
955.514	0.905442
955.827	0.941535
956.14	0.973557
956.454	1.00273
956.767	1.0128
957.08	1.02143
957.394	1.0815
957.707	1.09006
958.02	1.07771
958.333	1.10137
958.647	1.13373
958.96	1.15884
959.273	1.16349
959.587	1.16328
959.9	1.16359
960.213	1.17556
960.526	1.17029
960.84	1.17789
961.153	1.18191
961.466	1.18669
961.779	1.19721
962.093	1.20113
962.406	1.20456
962.719	1.17959
963.033	1.14297
963.346	1.12506
963.659	1.12343
963.972	1.08184
964.286	1.08589
964.599	1.08225
964.912	1.00676
965.226	0.984311
965.539	0.919699
965.852	0.842483
966.165	0.771695
966.479	0.696988
966.792	0.63802
967.105	0.542131
967.418	0.441779
967.732	0.360848
968.045	0.248397
968.358	0.132681
968.672	-0.00232096
968.985	-0.120876
969.298	-0.24158
969.611	-0.381756
969.925	-0.453906
970.238	-0.516573
970.551	-0.591107
970.865	-0.627315
971.178	-0.634625
971.491	-0.631283
971.804	-0.643742
972.118	-0.615082
972.431	-0.549918
972.744	-0.428689
973.058	-0.330556
973.371	-0.202086
973.684	-0.0322233
973.997	0.285756
974.311	0.331094
974.624	0.308451
974.937	0.457904
975.251	0.626599
975.564	0.874353
975.877	0.92269
976.191	0.967852
976.504	0.98806
976.817	1.0051
977.13	0.997371
977.444	0.909753
977.757	0.890832
978.07	0.91019
978.384	0.862134
978.697	0.883005
979.01	0.843305
979.323	0.710465
979.637	0.612232
979.95	0.595317
980.263	0.528189
980.576	0.491138
980.89	0.440522
981.203	0.36224
981.516	0.424389
981.83	0.387207
982.143	0.357246
982.456	0.271515
982.769	0.248182
983.083	0.249296
983.396	0.218296
983.709	0.220733
984.023	0.205273
984.336	0.198297
984.649	0.205952
984.962	0.174999
985.276	0.176162
985.589	0.190347
985.902	0.19669
986.216	0.183992
986.529	0.214806
986.842	0.223909
987.155	0.222578
987.469	0.234168
987.782	0.210571
988.095	0.22048
988.409	0.261701
988.722	0.25296
989.035	0.288494
989.348	0.318931
989.662	0.296789
989.975	0.315643
990.288	0.323612
990.601	0.303014
990.915	0.323137
991.228	0.327923
991.541	0.3155
991.855	0.304424
992.168	0.313465
992.481	0.302492
992.794	0.284967
993.108	0.262042
993.421	0.237485
993.734	0.25749
994.048	0.236986
994.361	0.182026
994.674	0.161621
994.987	0.136143
995.301	0.127844
995.614	0.0537839
995.927	0.057388
996.241	0.00522652
996.554	-0.0469457
996.867	-0.0759752
997.181	-0.131066
997.494	-0.161239
997.807	-0.221975
998.12	-0.269915
998.434	-0.304893
998.747	-0.340139
999.06	-0.390728
999.373	-0.440064
999.687	-0.482001
1000	-0.518696
1000.31	-0.583174
1000.63	-0.609192
1000.94	-0.63515
1001.25	-0.667456
1001.57	-0.728567
1001.88	-0.746151
1002.19	-0.763831
1002.51	-0.807671
1002.82	-0.801136
1003.13	-0.860187
1003.45	-0.890626
1003.76	-0.891959
1004.07	-0.929238
1004.39	-0.937784
1004.7	-0.922417
1005.01	-0.939011
1005.33	-0.957184
1005.64	-0.92288
1005.95	-0.886519
1006.27	-0.884196
1006.58	-0.870924
1006.89	-0.837305
1007.21	-0.830187
1007.52	-0.826509
1007.83	-0.749814
1008.15	-0.728287
1008.46	-0.683095
1008.77	-0.605261
1009.09	-0.577542
1009.4	-0.567896
1009.71	-0.498842
1010.03	-0.454722
1010.34	-0.396022
1010.65	-0.329249
1010.96	-0.28142
1011.28	-0.203501
1011.59	-0.142802
1011.9	-0.0887821
1012.22	-0.057436
1012.53	-0.00645789
1012.84	0.0637324
1013.16	0.11093
1013.47	0.168155
1013.78	0.190712
1014.1	0.243901
1014.41	0.275335
1014.72	0.274483
1015.04	0.298469
1015.35	0.32298
1015.66	0.350179
1015.98	0.401892
1016.29	0.439337
1016.6	0.461947
1016.92	0.439784
1017.23	0.456741
1017.54	0.483475
1017.86	0.474171
1018.17	0.446292
1018.48	0.457739
1018.8	0.447
1019.11	0.419284
1019.42	0.425973
1019.74	0.385513
1020.05	0.386169
1020.36	0.354005
1020.68	0.34883
1020.99	0.359049
1021.3	0.356151
1021.62	0.313176
1021.93	0.299574
1022.24	0.286877
1022.56	0.298877
1022.87	0.26709
1023.18	0.246047
1023.5	0.208385
1023.81	0.194148
1024.12	0.182806
1024.44	0.139266
1024.75	0.0827175
1025.06	0.0530511
1025.38	0.0845617
1025.69	0.0858904
1026	0.0558182
1026.32	0.0361909
1026.63	0.0356381
1026.94	0.0344489
1027.26	0.0198346
1027.57	0.0169043
1027.88	0.0663707
1028.2	0.0851375
1028.51	0.120927
1028.82	0.150205
1029.14	0.203195
1029.45	0.21881
1029.76	0.253774
1030.08	0.325983
1030.39	0.36556
1030.7	0.437317
1031.02	0.481899
1031.33	0.550813
1031.64	0.632959
1031.95	0.680976
1032.27	0.71007
1032.58	0.710736
1032.89	0.765805
1033.21	0.82968
1033.52	0.823356
1033.83	0.796647
1034.15	0.507495
1034.46	0.370571
1034.77	0.391431
1035.09	0.378202
1035.4	0.339727
1035.71	0.298404
1036.03	0.247368
1036.34	0.208082
1036.65	0.154328
1036.97	0.0544309
1037.28	-0.0486581
1037.59	-0.152027
1037.91	-0.102857
1038.22	-0.117265
1038.53	-0.112859
1038.85	-0.185809
1039.16	-0.340601
1039.47	-0.434071
1039.79	-0.508273
1040.1	-0.578867
1040.41	-0.623131
1040.73	-0.667404
1041.04	-0.691879
1041.35	-0.637226
1041.67	-0.632603
1041.98	-0.601627
1042.29	-0.564884
1042.61	-0.503252
1042.92	-0.417985
1043.23	-0.286838
1043.55	-0.258192
1043.86	-0.171714
1044.17	-0.144859
1044.49	-0.0747738
1044.8	-0.0148209
1045.11	0.0135768
1045.43	0.025271
1045.74	0.0419478
1046.05	0.0861369
1046.37	0.133701
1046.68	0.163203
1046.99	0.186015
1047.31	0.171806
1047.62	0.194587
1047.93	0.232071
1048.25	0.255374
1048.56	0.310065
1048.87	0.317786
1049.19	0.298716
1049.5	0.299325
1049.81	0.321585
1050.13	0.315621
1050.44	0.325369
1050.75	0.360078
1051.07	0.33059
1051.38	0.324889
1051.69	0.359933
1052.01	0.362322
1052.32	0.334443
1052.63	0.357053
1052.94	0.350999
1053.26	0.367913
1053.57	0.415699
1053.88	0.424129
1054.2	0.404713
1054.51	0.423774
1054.82	0.433953
1055.14	0.420448
1055.45	0.431347
1055.76	0.46749
1056.08	0.476663
1056.39	0.479069
1056.7	0.480081
1057.02	0.498292
1057.33	0.512577
1057.64	0.540258
1057.96	0.548025
1058.27	0.548923
1058.58	0.584347
1058.9	0.619485
1059.21	0.652226
1059.52	0.672473
1059.84	0.687446
1060.15	0.711034
1060.46	0.727072
1060.78	0.75831
1061.09	0.778526
1061.4	0.808575
1061.72	0.850444
1062.03	0.85689
1062.34	0.862264
1062.66	0.878434
1062.97	0.86675
1063.28	0.893412
1063.6	0.91035
1063.91	0.946068
1064.22	0.922633
1064.54	0.89203
1064.85	0.8454
1065.16	0.795705
1065.48	0.703056
1065.79	0.685579
1066.1	0.666433
1066.42	0.629677
1066.73	0.574468
1067.04	0.515929
1067.36	0.438024
1067.67	0.364228
1067.98	0.256011
1068.3	0.183479
1068.61	0.100614
1068.92	-0.0116802
1069.24	-0.118788
1069.55	-0.233112
1069.86	-0.33223
1070.18	-0.424743
1070.49	-0.490381
1070.8	-0.550914
1071.12	-0.580895
1071.43	-0.594265
1071.74	-0.609857
1072.06	-0.565641
1072.37	-0.508544
1072.68	-0.47794
1072.99	-0.355119
1073.31	-0.23027
1073.62	-0.0802446
1073.93	0.0257027
1074.25	0.128661
1074.56	0.229354
1074.87	0.428375
1075.19	0.80232
1075.5	0.972287
1075.81	1.07915
1076.13	1.09147
1076.44	1.1596
1076.75	1.20163
1077.07	1.21912
1077.38	1.26863
1077.69	1.26369
1078.01	1.2604
1078.32	1.25107
1078.63	1.17721
1078.95	1.07629
1079.26	0.973211
1079.57	0.86049
1079.89	0.805854
1080.2	0.793437
1080.51	0.755934
1080.83	0.718543
1081.14	0.741291
1081.45	0.677716
1081.77	0.681879
1082.08	0.627903
1082.39	0.621729
1082.71	0.597569
1083.02	0.546632
1083.33	0.522918
1083.65	0.484889
1083.96	0.477497
1084.27	0.469054
1084.59	0.463657
1084.9	0.45449
1085.21	0.451533
1085.53	0.430542
1085.84	0.475597
1086.15	0.46597
1086.47	0.482916
1086.78	0.481108
1087.09	0.529217
1087.41	0.551902
1087.72	0.554877
1088.03	0.554662
1088.35	0.590524
1088.66	0.607589
1088.97	0.630073
1089.29	0.619543
1089.6	0.653301
1089.91	0.653187
1090.23	0.619229
1090.54	0.647711
1090.85	0.622948
1091.17	0.62389
1091.48	0.627929
1091.79	0.627335
1092.11	0.578341
1092.42	0.57348
1092.73	0.55673
1093.05	0.540135
1093.36	0.554224
1093.67	0.514913
1093.98	0.480277
1094.3	0.47737
1094.61	0.431626
1094.92	0.382452
1095.24	0.353729
1095.55	0.358927
1095.86	0.324415
1096.18	0.260795
1096.49	0.239397
1096.8	0.20167
1097.12	0.130112
1097.43	0.0687317
1097.74	0.0420139
1098.06	-0.00820731
1098.37	-0.0753083
1098.68	-0.113955
1099	-0.143917
1099.31	-0.230707
1099.62	-0.295517
1099.94	-0.340472
1100.25	-0.408798
1100.56	-0.414082
1100.88	-0.456626
1101.19	-0.475576
1101.5	-0.472223
1101.82	-0.511309
1102.13	-0.557899
1102.44	-0.592013
1102.76	-0.619181
1103.07	-0.592179
1103.38	-0.603957
1103.7	-0.600107
1104.01	-0.622293
1104.32	-0.621169
1104.64	-0.622199
1104.95	-0.676638
1105.26	-0.686972
1105.58	-0.675569
1105.89	-0.662073
1106.2	-0.673841
1106.52	-0.662705
1106.83	-0.63196
1107.14	-0.575204
1107.46	-0.557655
1107.77	-0.594903
1108.08	-0.573197
1108.4	-0.50619
1108.71	-0.484413
1109.02	-0.44062
1109.34	-0.37356
1109.65	-0.309783
1109.96	-0.250694
1110.28	-0.20053
1110.59	-0.153724
1110.9	-0.0907844
1111.22	-0.0381472
1111.53	0.0601674
1111.84	0.137542
1112.16	0.221373
1112.47	0.29963
1112.78	0.316672
1113.1	0.390302
1113.41	0.429372
1113.72	0.51527
1114.04	0.575658
1114.35	0.602002
1114.66	0.676264
1114.97	0.69688
1115.29	0.683403
1115.6	0.732268
1115.91	0.778019
1116.23	0.845583
1116.54	0.896742
1116.85	0.888169
1117.17	0.919607
1117.48	0.922376
1117.79	0.962865
1118.11	0.975721
1118.42	0.98386
1118.73	1.0203
1119.05	1.01429
1119.36	1.00819
1119.67	1.03175
1119.99	1.03138
1120.3	1.02345
1120.61	1.03776
1120.93	1.02179
1121.24	0.990516
1121.55	0.965436
1121.87	0.941614
1122.18	0.934065
1122.49	0.94159
1122.81	0.895748
1123.12	0.882844
1123.43	0.840119
1123.75	0.850843
1124.06	0.842973
1124.37	0.847566
1124.69	0.816047
1125	0.757884
1125.31	0.754998
1125.63	0.768573
1125.94	0.784655
1126.25	0.752954
1126.57	0.714455
1126.88	0.699939
1127.19	0.69766
1127.51	0.706599
1127.82	0.669214
1128.13	0.673917
1128.45	0.701506
1128.76	0.723223
1129.07	0.776431
1129.39	0.759543
1129.7	0.777493
1130.01	0.776201
1130.33	0.843347
1130.64	0.90871
1130.95	0.967074
1131.27	1.01874
1131.58	1.06038
1131.89	1.10222
1132.21	1.14264
1132.52	1.17364
1132.83	1.19662
1133.15	1.23443
1133.46	1.29297
1133.77	1.31163
1134.09	1.34618
1134.4	1.21357
1134.71	0.965326
1135.03	0.814064
1135.34	0.804968
1135.65	0.782864
1135.96	0.742986
1136.28	0.744259
1136.59	0.660167
1136.9	0.628982
1137.22	0.58298
1137.53	0.498556
1137.84	0.379351
1138.16	0.326419
1138.47	0.356157
1138.78	0.340225
1139.1	0.355729
1139.41	0.262859
1139.72	0.0789483
1140.04	-0.0701411
1140.35	-0.239238
1140.66	-0.360068
1140.98	-0.423649
1141.29	-0.514594
1141.6	-0.582725
1141.92	-0.714335
1142.23	-0.740465
1142.54	-0.750748
1142.86	-0.791439
1143.17	-0.764217
1143.48	-0.717662
1143.8	-0.66701
1144.11	-0.651436
1144.42	-0.59969
1144.74	-0.537834
1145.05	-0.511321
1145.36	-0.495304
1145.68	-0.482086
1145.99	-0.458599
1146.3	-0.449625
1146.62	-0.444449
1146.93	-0.458118
1147.24	-0.443196
1147.56	-0.423142
1147.87	-0.430336
1148.18	-0.434329
1148.5	-0.443838
1148.81	-0.430378
1149.12	-0.402506
1149.44	-0.432862
1149.75	-0.454643
1150.06	-0.45392
1150.38	-0.451255
1150.69	-0.488102
1151	-0.476949
1151.32	-0.469936
1151.63	-0.490834
1151.94	-0.513373
1152.26	-0.509465
1152.57	-0.548582
1152.88	-0.560723
1153.2	-0.578517
1153.51	-0.605947
1153.82	-0.633481
1154.14	-0.638568
1154.45	-0.653365
1154.76	-0.664068
1155.08	-0.674415
1155.39	-0.675905
1155.7	-0.671896
1156.02	-0.6613
1156.33	-0.68661
1156.64	-0.711204
1156.95	-0.725041
1157.27	-0.692728
1157.58	-0.661233
1157.89	-0.645673
1158.21	-0.647854
1158.52	-0.610862
1158.83	-0.599587
1159.15	-0.571727
1159.46	-0.588801
1159.77	-0.535444
1160.09	-0.499645
1160.4	-0.482039
1160.71	-0.47585
1161.03	-0.435285
1161.34	-0.383166
1161.65	-0.346934
1161.97	-0.329444
1162.28	-0.303719
1162.59	-0.292217
1162.91	-0.273174
1163.22	-0.268177
1163.53	-0.271446
1163.85	-0.242419
1164.16	-0.242905
1164.47	-0.216645
1164.79	-0.216004
1165.1	-0.184681
1165.41	-0.187845
1165.73	-0.228039
1166.04	-0.244688
1166.35	-0.271721
1166.67	-0.297296
1166.98	-0.351794
1167.29	-0.385491
1167.61	-0.445628
1167.92	-0.51388
1168.23	-0.58251
1168.55	-0.642221
1168.86	-0.720768
1169.17	-0.792152
1169.49	-0.908125
1169.8	-0.983165
1170.11	-1.0816
1170.43	-1.114
1170.74	-1.14765
1171.05	-1.17017
1171.37	-1.15635
1171.68	-1.13916
1171.99	-1.11078
1172.31	-1.07253
1172.62	-0.974333
1172.93	-0.883265
1173.25	-0.786284
1173.56	-0.618024
1173.87	-0.44175
1174.19	-0.226259
1174.5	0.0307125
1174.81	0.141134
1175.13	0.166377
1175.44	0.334501
1175.75	0.544654
1176.07	0.814559
1176.38	0.89045
1176.69	0.986498
1177.01	1.019
1177.32	1.04488
1177.63	1.06206
1177.94	0.991831
1178.26	0.987901
1178.57	0.971232
1178.88	0.949509
1179.2	0.99179
1179.51	0.937992
1179.82	0.81949
1180.14	0.716015
1180.45	0.67541
1180.76	0.655613
1181.08	0.635912
1181.39	0.625013
1181.7	0.630154
1182.02	0.621396
1182.33	0.601548
1182.64	0.595608
1182.96	0.536712
1183.27	0.509701
1183.58	0.505432
1183.9	0.478642
1184.21	0.491253
1184.52	0.456043
1184.84	0.466415
1185.15	0.456606
1185.46	0.435711
1185.78	0.43024
1186.09	0.447379
1186.4	0.468355
1186.72	0.463265
1187.03	0.485271
1187.34	0.514505
1187.66	0.532794
1187.97	0.555434
1188.28	0.556611
1188.6	0.595475
1188.91	0.603714
1189.22	0.64325
1189.54	0.656533
1189.85	0.661532
1190.16	0.666642
1190.48	0.687057
1190.79	0.745198
1191.1	0.775404
1191.42	0.794918
1191.73	0.831926
1192.04	0.877548
1192.36	0.862344
1192.67	0.852255
1192.98	0.868528
1193.3	0.859885
1193.61	0.846165
1193.92	0.849653
1194.24	0.836298
1194.55	0.804703
1194.86	0.806566
1195.18	0.784796
1195.49	0.723157
1195.8	0.707685
1196.12	0.663231
1196.43	0.627764
1196.74	0.620411
1197.06	0.568388
1197.37	0.536792
1197.68	0.486736
1197.99	0.481697
1198.31	0.407525
1198.62	0.352583
1198.93	0.281541
1199.25	0.237265
1199.56	0.180102
1199.87	0.126237
1200.19	0.0819921
1200.5	0.0354679
1200.81	0.00984417
1201.13	-0.0102153
1201.44	-0.0602853
1201.75	-0.0693287
1202.07	-0.120343
1202.38	-0.150962
1202.69	-0.172201
1203.01	-0.173297
1203.32	-0.17737
1203.63	-0.189106
1203.95	-0.180756
1204.26	-0.195859
1204.57	-0.17932
1204.89	-0.204346
1205.2	-0.209898
1205.51	-0.182298
1205.83	-0.18547
1206.14	-0.199512
1206.45	-0.195918
1206.77	-0.137139
1207.08	-0.090087
1207.39	-0.055565
1207.71	0.0029389
1208.02	-0.0504778
1208.33	0.020006
1208.65	0.0689519
1208.96	0.0984167
1209.27	0.162704
1209.59	0.231017
1209.9	0.357322
1210.21	0.403376
1210.53	0.455866
1210.84	0.541356
1211.15	0.627649
1211.47	0.668331
1211.78	0.788089
1212.09	0.857036
1212.41	0.941754
1212.72	1.01846
1213.03	1.0552
1213.35	1.15749
1213.66	1.22494
1213.97	1.30512
1214.29	1.3683
1214.6	1.41865
1214.91	1.47736
1215.23	1.55577
1215.54	1.61749
1215.85	1.68272
1216.17	1.71701
1216.48	1.76313
1216.79	1.80449
1217.11	1.87569
1217.42	1.93485
1217.73	1.97413
1218.05	2.01597
1218.36	2.04888
1218.67	2.11151
1218.98	2.11971
1219.3	2.14068
1219.61	2.16275
1219.92	2.1887
1220.24	2.21437
1220.55	2.24701
1220.86	2.20915
1221.18	2.22669
1221.49	2.24883
1221.8	2.23787
1222.12	2.22241
1222.43	2.20524
1222.74	2.19654
1223.06	2.18603
1223.37	2.17623
1223.68	2.14573
1224	2.13238
1224.31	2.12053
1224.62	2.09547
1224.94	2.08
1225.25	2.06341
1225.56	2.04537
1225.88	2.02139
1226.19	1.99818
1226.5	1.9848
1226.82	1.95648
1227.13	1.96793
1227.44	1.94208
1227.76	1.89691
1228.07	1.86416
1228.38	1.86336
1228.7	1.86478
1229.01	1.86168
1229.32	1.87849
1229.64	1.87093
1229.95	1.86499
1230.26	1.90477
1230.58	1.91801
1230.89	1.91534
1231.2	1.94323
1231.52	1.98014
1231.83	2.0245
1232.14	2.01732
1232.46	2.05443
1232.77	2.06325
1233.08	2.07605
1233.4	2.12838
1233.71	2.11624
1234.02	2.08862
1234.34	2.1091
1234.65	2.12912
1234.96	2.14589
1235.28	2.14592
1235.59	2.15613
1235.9	2.0397
1236.22	1.7186
1236.53	1.58878
1236.84	1.50668
1237.16	1.49133
1237.47	1.47169
1237.78	1.37786
1238.1	1.24977
1238.41	1.19067
1238.72	1.07139
1239.04	0.943792
1239.35	0.824722
1239.66	0.715102
1239.97	0.679888
1240.29	0.594294
1240.6	0.570438
1240.91	0.410704
1241.23	0.231682
1241.54	0.0469241
1241.85	-0.0695981
1242.17	-0.19788
1242.48	-0.328168
1242.79	-0.491412
1243.11	-0.601169
1243.42	-0.673262
1243.73	-0.728761
1244.05	-0.801079
1244.36	-0.835404
1244.67	-0.848374
1244.99	-0.839064
1245.3	-0.838934
1245.61	-0.896635
1245.93	-0.902805
1246.24	-0.907288
1246.55	-0.909672
1246.87	-0.928539
1247.18	-0.973544
1247.49	-1.02651
1247.81	-1.06169
1248.12	-1.11741
1248.43	-1.13699
1248.75	-1.15308
1249.06	-1.21351
1249.37	-1.24565
1249.69	-1.25582
1250	-1.33337
1250.31	-1.37879
1250.63	-1.43119
1250.94	-1.488
1251.25	-1.52193
1251.57	-1.5872
1251.88	-1.61868
1252.19	-1.67687
1252.51	-1.72316
1252.82	-1.78429
1253.13	-1.82728
1253.45	-1.87461
1253.76	-1.90072
1254.07	-1.95254
1254.39	-1.9774
1254.7	-2.01109
1255.01	-2.04291
1255.33	-2.03369
1255.64	-2.0565
1255.95	-2.08791
1256.27	-2.06521
1256.58	-2.06471
1256.89	-2.05886
1257.21	-2.05208
1257.52	-2.07426
1257.83	-2.07006
1258.15	-2.06878
1258.46	-2.04077
1258.77	-2.05225
1259.09	-2.04065
1259.4	-2.04113
1259.71	-2.06323
1260.03	-2.04284
1260.34	-2.02308
1260.65	-2.0301
1260.96	-2.05353
1261.28	-2.03145
1261.59	-2.02479
1261.9	-1.99265
1262.22	-1.98666
1262.53	-1.95173
1262.84	-1.92499
1263.16	-1.88504
1263.47	-1.87962
1263.78	-1.86993
1264.1	-1.84866
1264.41	-1.81868
1264.72	-1.80204
1265.04	-1.73534
1265.35	-1.74243
1265.66	-1.77281
1265.98	-1.78107
1266.29	-1.76353
1266.6	-1.74227
1266.92	-1.74364
1267.23	-1.76301
1267.54	-1.76569
1267.86	-1.79061
1268.17	-1.79124
1268.48	-1.8279
1268.8	-1.87496
1269.11	-1.9242
1269.42	-1.97131
1269.74	-2.0005
1270.05	-2.02152
1270.36	-2.10383
1270.68	-2.17492
1270.99	-2.25916
1271.3	-2.32572
1271.62	-2.41599
1271.93	-2.4931
1272.24	-2.49413
1272.56	-2.52783
1272.87	-2.54079
1273.18	-2.52962
1273.5	-2.50598
1273.81	-2.43691
1274.12	-2.3568
1274.44	-2.2559
1274.75	-2.14848
1275.06	-1.97025
1275.38	-1.81569
1275.69	-1.68443
1276	-1.50597
1276.32	-1.19907
1276.63	-0.98385
1276.94	-0.735784
1277.26	-0.659796
1277.57	-0.554278
1277.88	-0.305939
1278.2	-0.214172
1278.51	-0.108461
1278.82	-0.0559395
1279.14	0.0452155
1279.45	0.131185
1279.76	0.13152
1280.08	0.081455
1280.39	-0.00408429
1280.7	-0.0845058
1281.02	-0.0923306
1281.33	-0.0494332
1281.64	-0.0407892
1281.95	-0.0257206
1282.27	0.0127491
1282.58	0.0105605
1282.89	-0.11496
